16 35 36 1 162 -52 -52 -52 -51 -52 -52 -52 -51 -52 -52 -52 -51 -50 -49 -49 -49 -50 -49 -49 -49 -49 -49 -49 -49 -49 -49 -49 -49 -48 -48 -48 -48 -49 -48 -49 -49 -50 -50 -51 -49 -50 -50 -51 -49 -50 -50 -51 -52 -52 -52 -53 -56 -56 -57 -58 -56 -56 -57 -58 -55 -56 -57 -58 -53 -53 -53 -53 -53 -53 -53 -53 -53 -53 -53 -53 -58 -58 -58 -58 -56 -56 -57 -57 -56 -56 -57 -57 -56 -56 -57 -57 -61 -61 -61 -62 -62 -61 -61 -55 -55 -55 -55 -55 -55 -55 -54 -55 -55 -55 -55 -63 -63 -63 -63 -55 -55 -56 -56 -55 -55 -56 -56 -54 -55 -56 -56 
16 35 42 1 162 -56 -56 -55 -55 -56 -56 -55 -55 -56 -56 -55 -55 -51 -51 -50 -50 -52 -52 -51 -51 -52 -52 -51 -51 -52 -52 -51 -51 -50 -50 -100 -50 -50 -50 -50 -50 -50 -51 -51 -50 -51 -100 -51 -50 -50 -51 -51 -52 -52 -54 -54 -55 -55 -56 -57 -55 -55 -56 -56 -55 -55 -56 -57 -53 -53 -53 -53 -53 -53 -53 -53 -53 -53 -53 -52 -62 -62 -61 -63 -56 -55 -56 -56 -56 -55 -56 -55 -56 -54 -56 -56 -69 -69 100 -69 -69 -70 -70 -60 -61 -60 -60 -61 -61 100 -61 -60 -61 -60 -61 -75 -76 -76 -73 -62 -63 -63 -63 -62 -61 -63 -64 -63 -61 -62 -64 
16 35 46 1 162 -56 -56 -56 -55 -57 -56 -56 -55 -56 -56 -56 -55 -52 -51 -51 -51 -52 -52 -51 -51 -52 -52 -51 -51 -52 -52 -51 -51 -50 -50 -50 -50 -50 -50 -50 -50 -50 -50 -51 -50 -50 -50 -51 -50 -50 -51 -51 -52 -52 -52 -53 -54 -54 -55 -55 -54 -54 -55 -55 -54 -54 -55 -55 -52 -52 -52 -52 -52 -52 -52 -52 -52 -52 -52 -52 -59 -59 -60 -59 -54 -54 -55 -55 -54 -54 -55 -54 -54 -54 -55 -55 -65 -65 -65 -65 -66 -66 -66 -60 -60 -59 -60 -60 -61 -60 -60 -60 -60 -60 -60 -70 -71 -72 -72 -61 -61 -63 -63 -62 -62 -61 -63 -61 -61 -63 -63 
16 35 49 1 162 -55 -55 -54 -54 -56 -55 -54 -54 -55 -55 -55 -54 -51 -51 -50 -49 -51 -50 -50 -49 -51 -50 -50 -50 -51 -50 -50 -50 -48 -48 -100 -48 -48 -48 -49 -48 -49 -49 -49 -49 -49 -49 -50 -49 -49 -50 -50 -52 -52 -52 -52 -54 -54 -55 -55 -54 -54 -55 -55 -54 -54 -55 -55 -52 -52 -52 -52 -52 -52 -52 -52 -52 -52 -52 -52 -59 -59 -59 -59 -54 -53 -54 -54 -54 -53 -54 -54 -54 -53 -54 -54 -64 -64 100 -64 -65 -66 -66 -61 -61 -61 -62 -61 -61 -61 -62 -61 -62 -62 -62 -67 -67 -66 -67 -62 -63 -63 -63 -62 -62 -63 -64 -63 -63 -63 -64 
16 35 53 1 162 -55 -55 -54 -54 -55 -55 -54 -54 -55 -55 -54 -54 -51 -51 -50 -50 -50 -50 -50 -50 -51 -50 -50 -50 -51 -50 -50 -50 -48 -48 -48 -48 -48 -48 -49 -49 -49 -49 -50 -49 -49 -49 -100 -49 -49 -100 -50 -51 -52 -52 -52 -54 -54 -55 -54 -54 -54 -55 -55 -54 -54 -55 -55 -52 -52 -52 -52 -52 -52 -52 -52 -52 -52 -52 -52 -58 -59 -59 -59 -55 -55 -56 -55 -55 -54 -56 -55 -55 -54 -56 -55 -63 -63 -63 -63 -64 -64 -64 -58 -58 -58 -58 -58 -58 -58 100 -58 -58 100 -58 -64 -64 -64 -64 -57 -57 -57 -57 -57 -57 -57 -57 -57 -57 -57 -57 
16 35 56 1 162 -55 -54 -54 -54 -55 -54 -54 -54 -54 -54 -54 -54 -51 -50 -50 -49 -50 -50 -50 -50 -50 -50 -49 -49 -50 -50 -49 -49 -48 -48 -48 -48 -48 -48 -48 -48 -48 -49 -49 -48 -49 -49 -49 -48 -48 -49 -49 -50 -51 -52 -52 -53 -54 -54 -100 -53 -54 -54 -54 -53 -54 -54 -55 -52 -52 -52 -52 -52 -52 -52 -52 -52 -52 -52 -52 -59 -59 -59 -58 -54 -54 -55 -54 -54 -54 -54 -54 -54 -54 -54 -54 -62 -61 -61 -62 -62 -61 -63 -58 -58 -58 -58 -58 -58 -58 -58 -58 -58 -58 -58 -63 -63 -63 -64 -57 -57 -58 100 -57 -57 -58 -58 -57 -57 -58 -58 
16 36 0 1 162 -52 -51 -51 -50 -51 -51 -51 -50 -51 -51 -51 -51 -48 -100 -48 -47 -48 -48 -48 -47 -48 -48 -48 -48 -48 -48 -48 -48 -47 -47 -47 -47 -47 -47 -48 -48 -48 -48 -48 -48 -48 -48 -49 -48 -48 -48 -48 -50 -50 -51 -52 -54 -55 -57 -57 -54 -54 -56 -57 -54 -55 -57 -57 -52 -52 -52 -52 -52 -52 -52 -52 -52 -52 -52 -52 -58 100 -58 -57 -57 -56 -58 -58 -57 -56 -57 -58 -57 -57 -58 -58 -59 -60 -60 -60 -61 -60 -61 -56 -56 -55 -56 -55 -56 -55 -56 -56 -56 -55 -56 -60 -60 -61 -60 -54 -55 -55 -55 -54 -54 -55 -55 -55 -55 -55 -56 
16 36 3 1 162 -53 -52 -52 -52 -53 -52 -52 -52 -52 -52 -52 -52 -49 -49 -48 -48 -49 -48 -48 -48 -49 -49 -49 -49 -49 -49 -49 -49 -49 -49 -49 -49 -50 -50 -50 -51 -51 -51 -52 -51 -51 -52 -52 -51 -51 -52 -52 -55 -56 -58 -58 -60 -61 -65 -65 -61 -62 -65 -66 -60 -62 -66 -66 -52 -52 -52 -52 -52 -52 -52 -52 -52 -52 -52 -52 -60 -59 -60 -59 -56 -56 -57 -57 -56 -56 -58 -58 -57 -56 -58 -58 -63 -64 -64 -65 -66 -66 -67 -62 -63 -62 -63 -62 -63 -61 -62 -62 -63 -61 -63 -62 -61 -61 -61 -60 -60 -60 -61 -60 -60 -60 -61 -59 -60 -60 -60 
16 36 6 1 162 -52 -52 -52 -52 -52 -52 -52 -52 -52 -52 -52 -52 -49 -49 -48 -48 -51 -51 -51 -51 -51 -51 -51 -51 -51 -51 -51 -51 -51 -51 -51 -51 -51 -51 -52 -54 -54 -55 -55 -54 -54 -55 -56 -54 -54 -55 -55 -60 -61 -65 -66 -64 -63 -64 -64 -64 -63 -65 -64 -63 -63 -65 -64 -54 -54 -54 -54 -54 -54 -54 -54 -54 -54 -54 -54 -61 -61 -63 -61 -58 -57 -57 -57 -57 -57 -57 -57 -57 -56 -58 -57 -75 -74 -75 -75 -75 -76 -77 -57 -58 -58 -58 -58 -58 -58 -58 -58 -58 -58 -58 -75 -75 -73 -73 -62 -63 -63 -63 -62 -61 -63 -63 -60 -61 -63 -63 
16 36 10 1 162 -52 -52 -52 -52 -52 -52 -52 -52 -52 -52 -52 -52 -49 -49 -49 -48 -51 -51 -51 -51 -51 -51 -51 -51 -51 -51 -51 -51 -51 -51 -51 -51 -51 -51 -52 -54 -54 -55 -55 -54 -54 -55 -56 -54 -54 -55 -56 -59 -60 -63 -64 -67 -67 -69 -67 -67 -66 -67 -66 -66 -66 -67 -66 -54 -54 -54 -54 -54 -54 -54 -54 -54 -54 -54 -54 -60 -60 -61 -61 -58 -57 -58 -57 -58 -57 -58 -57 -58 -56 -58 -57 -72 -72 -73 -72 -73 -73 -74 -57 -57 -57 -57 -57 -57 -57 -57 -56 -57 -57 -57 -77 -76 -74 -73 -60 -61 -62 -63 -60 -62 -61 -63 -60 -61 -63 -63 
16 36 13 1 162 -52 -52 -52 -52 -52 -52 -52 -52 -52 -52 -52 -52 -49 -49 -49 -49 -52 -52 -52 -52 -52 -52 -52 -52 -52 -51 -52 -52 -52 -51 -52 -52 -52 -52 -52 -55 -55 -57 -57 -55 -55 -57 -57 -55 -55 -57 -57 -63 -64 -69 -69 -63 -62 -62 -62 -63 -62 -61 -62 -63 -62 -62 -61 -54 -54 -55 -54 -54 -54 -55 -54 -54 -54 -55 -54 -63 -62 -64 -64 -58 -57 -58 -57 -58 -57 -58 -57 -58 -57 -58 -57 -77 -77 -77 -76 -77 -77 -77 -58 -59 -58 -58 -58 -59 -58 -58 -58 -58 -58 -58 -72 -72 -70 -70 -65 -66 -66 -66 -65 -66 -66 -66 -63 -65 -66 -66 
16 36 16 1 162 -54 -53 -53 -53 -54 -53 -53 -52 -53 -52 -52 -52 -50 -49 -49 -49 -51 -51 -51 -51 -51 -51 -51 -51 -51 -51 -51 -51 -51 -51 -51 -51 -52 -52 -52 -54 -54 -56 -56 -54 -54 -56 -57 -54 -54 -56 -57 -60 -62 -64 -66 -72 -72 -79 -78 -72 -71 -80 -79 -66 -69 -75 -75 -53 -52 -53 -53 -53 -53 -54 -54 -53 -54 -54 -54 -61 -62 -61 -61 -61 -60 -62 -61 -60 -60 -62 -60 -60 -58 -61 -60 -72 -73 -74 -75 -76 -78 -78 -58 -59 -58 -59 -58 -58 -58 -58 -58 -58 -58 -59 -70 -70 -68 -68 -60 -60 -60 -60 -59 -60 -59 -60 -58 -59 -58 -59 
