16 37 48 1 162 -53 -53 -53 -53 -53 -53 -53 -53 -52 -53 -53 -53 -51 -51 -50 -50 -52 -52 -52 -52 -52 -52 -52 -52 -52 -52 -52 -52 -52 -52 -52 -52 -52 -52 -52 -55 -55 -56 -57 -55 -55 -56 -57 -55 -55 -56 -57 -59 -60 -63 -64 -69 -67 -72 -71 -69 -69 -72 -71 -66 -68 -72 -71 -55 -55 -56 -55 -56 -55 -56 -55 -55 -55 -55 -55 -61 -61 -63 -63 -58 -57 -58 -57 -58 -57 -58 -57 -58 -57 -58 -57 -71 -71 -71 -70 -70 -71 -71 -58 -58 -58 -58 -57 -58 -58 -58 -58 -58 -58 -58 -72 -72 -71 -70 -65 -65 -66 -65 -64 -65 -65 -66 -63 -65 -65 -66 
16 37 51 1 162 -52 -52 -52 -52 -52 -52 -52 -52 -52 -52 -52 -52 -50 -50 -50 -50 -52 -52 -51 -51 -52 -51 -52 -52 -52 -51 -51 -51 -51 -51 -51 -51 -51 -52 -52 -54 -54 -56 -57 -55 -56 -57 -57 -54 -55 -56 -57 -57 -58 -57 -58 -63 -64 -63 -64 -62 -62 -61 -63 -59 -60 -61 -62 -57 -57 -57 -57 -57 -57 -57 -57 -57 -57 -57 -57 -63 -63 -64 -64 -63 -63 -63 -61 -61 -61 -63 -63 -63 -61 -64 -63 -83 -82 -80 -78 -77 -75 -74 -57 -57 -57 -57 -56 -57 -57 -57 -57 -56 -55 -55 -66 -68 -73 -80 -59 -61 -62 -62 -60 -61 -62 -63 -59 -61 -62 -63 
16 37 54 1 162 -52 -52 -52 -52 -52 -52 -53 -52 -52 -53 -53 -53 -51 -51 -51 -51 -54 -54 -54 -54 -54 -54 -54 -54 -54 -54 -54 -54 -55 -54 -55 -55 -56 -56 -56 -62 -61 -64 -65 -61 -62 -64 -65 -61 -62 -64 -64 -81 -85 -73 -72 -62 -62 -61 -62 -63 -62 -62 -62 -64 -62 -61 -61 -58 -58 -58 -57 -58 -58 -58 -58 -57 -57 -57 -57 -63 -63 -64 -63 -58 -58 -58 -58 -58 -58 -59 -58 -58 -58 -58 -58 -66 -65 -64 -64 -64 -64 -64 -56 -57 -57 -57 -56 -57 -57 -57 -56 -57 -57 -57 -67 -67 -69 -68 -66 -67 -68 -69 -66 -67 -69 -70 -65 -69 -69 -70 
16 37 58 1 162 -52 -52 -52 -52 -52 -52 -52 -52 -52 -52 -52 -52 -51 -100 -51 -51 -54 -54 -54 -54 -54 -54 -54 -54 -54 -54 -54 -54 -55 -55 -56 -56 -57 -57 -58 -65 -66 -69 -70 -66 -65 -69 -70 -65 -66 -70 -70 -64 -65 -62 -61 -64 -64 -61 -63 -65 -66 -62 -62 -64 -64 -61 -61 -57 -57 -57 -57 -57 -57 -57 -57 -57 -57 -57 -57 -61 100 -61 -61 -59 -58 -59 -59 -59 -58 -58 -58 -59 -58 -59 -58 -66 -66 -66 -66 -66 -67 -67 -57 -57 -58 -58 -57 -57 -58 -58 -57 -58 -58 -58 -78 -79 -79 -78 -63 -64 -63 -63 -63 -62 -63 -63 -63 -63 -63 -63 
16 38 1 1 162 -52 -52 -53 -52 -52 -52 -52 -52 -52 -52 -52 -52 -51 -51 -51 -51 -54 -54 -54 -54 -54 -54 -54 -54 -54 -54 -54 -54 -55 -55 -56 -56 -57 -58 -58 -66 -66 -70 -71 -65 -66 -70 -73 -65 -66 -70 -71 -64 -65 -62 -61 -64 -64 -62 -62 -64 -64 -61 -62 -66 -64 -61 -62 -57 -57 -57 -57 -57 -57 -57 -57 -57 -57 -57 -57 -61 -61 -61 -61 -59 -58 -60 -59 -59 -58 -59 -59 -58 -58 -59 -59 -66 -66 -66 -66 -66 -67 -67 -57 -58 -58 -58 -57 -58 -58 -58 -57 -58 -58 -58 -79 -79 -80 -79 -63 -63 -63 -63 -63 -63 -63 -63 -62 -63 -63 -63 
16 38 4 1 162 -52 -52 -52 -52 -52 -52 -52 -52 -52 -52 -52 -52 -51 -51 -51 -51 -54 -54 -54 -54 -54 -54 -54 -54 -54 -54 -54 -54 -54 -54 -55 -55 -55 -56 -56 -62 -62 -64 -65 -61 -62 -64 -64 -61 -62 -64 -64 -76 -77 -69 -68 -63 -62 -62 -62 -63 -63 -63 -62 -65 -63 -62 -61 -57 -56 -56 -56 -57 -56 -56 -56 -56 -56 -56 -56 -60 -60 -60 -60 -58 -57 -58 -58 -58 -57 -58 -57 -58 -57 -58 -58 -64 -64 -64 -63 -64 -64 -64 -57 -57 -57 -58 -57 -57 -57 -57 -57 -57 -57 -58 -69 -70 -71 -71 -66 -67 -67 -68 -66 -67 -67 -69 -65 -67 -67 -69 
16 38 8 1 162 -52 -52 -53 -52 -52 -52 -52 -52 -52 -52 -52 -52 -51 -51 -51 -51 -52 -52 -52 -52 -52 -52 -52 -52 -52 -52 -52 -52 -52 -100 -52 -53 -54 -54 -54 -58 -58 -60 -60 -58 -58 -59 -60 -58 -58 -58 -59 -58 -59 -60 -60 -81 -81 -72 -72 -82 -81 -72 -72 -88 -81 -72 -72 -59 -59 -59 -59 -60 -59 -60 -59 -58 -59 -59 -58 -64 -64 -64 -64 -59 -58 -59 -58 -59 -59 -59 -59 -59 -58 -59 -59 -70 -69 -69 -69 -69 -70 -70 -56 -56 -56 -57 -56 -56 -56 -56 -56 -56 -56 -57 -72 -72 -71 -71 -60 -62 -61 -62 -61 -61 -61 -62 -60 -61 -62 -61 
16 38 11 1 162 -66 -67 -67 -67 -66 -67 -67 -67 -66 -67 -67 -67 -62 -62 -61 -61 -65 -64 -63 -63 -65 -64 -63 -63 -64 -63 -63 -63 -59 -58 -59 -59 -59 -59 -59 -100 -100 -63 -64 -61 -62 -63 -63 -61 -61 -63 -63 -61 -62 -62 -61 -72 -72 -73 -73 -72 -72 -73 -74 -72 -72 -73 -70 -64 -63 -64 -63 -64 -64 -64 -64 -64 -64 -64 -63 -64 -64 -64 -64 -64 -64 -64 -64 -64 -64 -64 -64 -64 -63 -64 -64 -70 -69 -69 -69 -69 -69 -68 100 100 -64 -64 -61 -63 -62 -64 -63 -63 -63 -64 -67 -67 -69 -69 -77 -78 -75 -75 -77 -78 -75 -75 -77 -78 -75 -74 
16 38 15 1 162 -64 -65 -64 -65 -65 -64 -65 -65 -65 -64 -66 -66 -69 -69 -68 -67 -76 -75 -72 -72 -76 -75 -72 -72 -76 -75 -72 -72 -63 -63 -63 -63 -63 -63 -63 -67 -67 -67 -69 -67 -67 -69 -69 -67 -68 -69 -69 -63 -63 -63 -64 -67 -67 -67 -67 -67 -100 -67 -67 -67 -67 -67 -67 -68 -67 -67 -66 -68 -67 -68 -67 -67 -67 -67 -66 -63 -61 -62 -61 -64 -63 -63 -63 -64 -63 -63 -63 -64 -63 -63 -63 -66 -65 -66 -65 -65 -66 -66 -62 -63 -63 -63 -62 -63 -63 -63 -62 -63 -63 -63 -70 -70 -72 -72 -72 -73 -73 -74 -72 100 -74 -75 -72 -73 -74 -75 
16 38 18 1 162 -64 -64 -64 -64 -64 -64 -64 -64 -64 -64 -64 -64 -69 -69 -67 -66 -69 -69 -67 -67 -69 -69 -67 -67 -69 -69 -67 -66 -61 -61 -60 -60 -61 -60 -60 -63 -63 -63 -64 -63 -63 -64 -64 -63 -63 -63 -64 -60 -61 -61 -61 -64 -64 -65 -64 -64 -64 -65 -65 -63 -64 -64 -65 -67 -66 -66 -65 -66 -66 -66 -65 -66 -66 -66 -65 -61 -62 -61 -61 -61 -61 -61 -60 -61 -62 -62 -61 -61 -61 -62 -62 -68 -68 -68 -68 -69 -69 -70 -63 -64 -64 -64 -64 -64 -65 -65 -64 -65 -65 -66 -75 -75 -75 -76 -67 -68 -67 -68 -68 -68 -68 -68 -67 -68 -68 -68 
