16 38 58 1 162 -64 -64 -65 -64 -64 -64 -64 -64 -63 -63 -64 -64 -80 -81 -80 -80 -75 -74 -73 -72 -76 -76 -75 -75 -78 -100 -76 -75 -68 -68 -67 -67 -67 -67 -67 -67 -68 -68 -68 -100 -68 -69 -69 -69 -69 -69 -69 -66 -100 -66 -66 -76 -75 -75 -75 -76 -76 -75 -75 -76 -76 -75 -75 -74 -74 -73 -73 -73 -74 -73 -74 -76 -75 -73 -74 -63 -61 -61 -61 -65 -65 -64 -64 -64 -65 -64 -64 -66 100 -65 -65 -59 -59 -59 -59 -59 -59 -60 -59 -59 -60 -60 100 -59 -60 -60 -58 -59 -60 -60 -61 100 -61 -61 -70 -71 -73 -74 -70 -71 -73 -74 -70 -71 -73 -74 
16 39 2 1 162 -62 -61 -62 -62 -61 -62 -61 -61 -62 -62 -63 -62 -72 -73 -75 -76 -76 -76 -79 -77 -77 -76 -78 -76 -76 -73 -78 -76 -71 -71 -70 -69 -70 -69 -69 -64 -65 -66 -66 -64 -66 -65 -64 -65 -66 -65 -65 -63 -64 -63 -63 -88 -90 -91 -88 -87 -90 -93 -88 -85 -90 -93 -88 -72 -72 -71 -72 -72 -72 -71 -71 -73 -72 -71 -71 -64 -63 -61 -62 -66 -66 -65 -65 -66 -66 -66 -65 -66 -66 -65 -65 -60 -59 -59 -59 -59 -59 -59 -58 -58 -59 -60 -58 -59 -59 -60 -58 -59 -59 -59 -60 -61 -61 -62 -72 -72 -75 -76 -71 -72 -75 -76 -70 -72 -75 -76 
16 39 5 1 162 -62 -61 -63 -63 -62 -62 -63 -62 -63 -63 -63 -63 -75 -75 -76 -77 -72 -72 -73 -73 -73 -72 -74 -72 -72 -69 -72 -72 -74 -73 -72 -72 -72 -71 -71 -64 -65 -65 -65 -65 -65 -64 -65 -65 -66 -66 -66 -65 -66 -66 -66 -79 -81 -84 -84 -80 -81 -82 -81 -78 -79 -81 -82 -70 -69 -69 -69 -70 -70 -69 -69 -71 -70 -69 -69 -63 -61 -61 -61 -66 -66 -65 -64 -65 -65 -64 -64 -66 -66 -64 -64 -59 -58 -58 -58 -58 -58 -58 -59 -59 -59 -60 -59 -59 -60 -60 -59 -59 -60 -60 -60 -60 -61 -62 -72 -73 -75 -76 -71 -72 -75 -76 -71 -73 -75 -77 
16 39 9 1 162 -61 -60 -60 -60 -61 -60 -59 -58 -59 -59 -59 -58 -60 -59 -58 -58 -58 -57 -57 -57 -58 -57 -58 -58 -59 -58 -59 -59 -100 -58 -100 -60 -61 -61 -63 -60 -61 -62 -63 -64 -66 -66 -66 -66 -66 -66 -67 -63 -62 -61 -61 -70 -67 -65 -63 -63 -60 -61 -60 -59 -60 -60 -62 -66 -65 -63 -63 -64 -64 -62 -61 -62 -62 -61 -61 -60 -60 100 -59 -64 -63 -63 -61 -62 -62 -62 -62 -61 -60 -61 -61 100 -58 100 -60 -60 -59 -59 -61 -60 -60 -62 -60 -61 -62 -62 -60 -60 -60 -60 -62 -61 -63 -63 -67 -67 -68 -67 -63 -63 -63 -63 -61 -61 -63 -65 
16 39 13 1 162 -72 -72 -71 -71 -72 -73 -73 -73 -75 -75 -75 -75 -72 -72 -71 -71 -72 -72 -71 -70 -72 -71 -70 -69 -71 -70 -69 -69 -66 -66 -66 -65 -64 -63 -63 -63 -63 -63 -63 -61 -100 -62 -63 -62 -62 -62 -63 -64 -65 -66 -66 -70 -70 -71 -71 -69 -69 -70 -69 -68 -68 -68 -68 -69 -68 -69 -68 -69 -69 -69 -69 -70 -70 -71 -71 -76 -75 -76 -76 -75 -75 -76 -76 -74 -74 -74 -74 -73 -72 -73 -73 -76 -77 -78 -80 -82 -85 -84 -74 -73 -72 -72 -71 100 -69 -69 -69 -70 -69 -70 -84 -86 -84 -89 -72 -72 -73 -73 -72 -72 -72 -72 -71 -70 -70 -70 
16 39 16 1 162 -63 -63 -63 -63 -63 -100 -61 -61 -60 -60 -60 -61 -62 -63 -64 -65 -65 -66 -66 -67 -72 -73 -73 -74 -76 -77 -76 -75 -65 -64 -63 -63 -63 -63 -63 -64 -64 -65 -65 -64 -63 -63 -100 -62 -63 -64 -64 -60 -60 -60 -60 -61 -61 -60 -60 -61 -62 -61 -61 -60 -60 -59 -59 -74 -73 -72 -71 -72 100 -72 -71 -70 -69 -69 -68 -67 -68 -69 -70 -69 -69 -71 -71 -73 -72 -70 -69 -70 -69 -68 -67 -67 -67 -69 -68 -69 -69 -69 -64 -64 -65 -65 -64 -64 -65 100 -65 -65 -68 -69 -84 -87 -81 -78 -71 -70 -68 -67 -69 -69 -68 -67 -67 -65 -64 -64 
16 39 20 1 162 -56 -56 -56 -56 -57 -56 -56 -55 -56 -55 -56 -55 -53 -53 -53 -53 -54 -54 -54 -54 -54 -55 -55 -55 -55 -56 -56 -56 -58 -58 -100 -59 -59 -58 -57 -59 -58 -58 -58 -57 -57 -58 -60 -62 -67 -100 -61 -57 -57 -57 -69 -65 -64 -63 -63 -64 -66 -69 -67 -64 -61 -59 -59 -60 -61 -61 -60 -61 -59 -58 -58 -58 -58 -58 -57 -66 -66 -66 -66 -62 -62 -63 -64 -63 -63 -64 -63 -63 -63 -64 -65 -69 -68 100 -70 -71 -70 -70 -60 -59 -59 -61 -60 -61 -64 -67 -71 -76 100 -61 -69 -71 100 -64 -64 -65 -67 -70 -71 -74 -78 -75 -72 -67 -64 -64 
16 39 23 1 162 -59 -60 -61 -61 -62 -63 -63 -63 -63 -63 -63 -63 -100 -69 -69 -100 -72 -72 -71 -70 -70 -70 -69 -69 -71 -72 -72 -75 -66 -67 -67 -69 -69 -68 -68 -66 -66 -65 -65 -64 -64 -63 -63 -62 -61 -61 -61 -63 -61 -63 -63 -64 -64 -64 -64 -64 -64 -65 -65 -65 -64 -65 -66 -70 -69 -68 -67 -68 -68 -67 -67 -68 -69 -69 -70 100 -67 -66 100 -68 -67 -66 -66 -66 -66 -66 -65 -66 -66 -67 -67 -68 -69 -69 -69 -71 -72 -73 -69 -71 -73 -75 -73 -75 -76 -76 -74 -74 -73 -72 -81 -82 -78 -78 -70 -70 -70 -70 -67 -67 -67 -67 -65 -65 -66 -66 
16 39 27 1 162 -54 -54 -53 -53 -53 -52 -52 -52 -52 -52 -52 -52 -50 -50 -50 -49 -51 -51 -51 -51 -51 -51 -51 -51 -51 -50 -50 -50 -49 -50 -50 -51 -51 -51 -51 -52 -52 -52 -52 -51 -51 -52 -52 -51 -51 -52 -52 -53 -100 -54 -55 -58 -59 -63 -63 -60 -59 -60 -62 -58 -59 -63 -64 -56 -56 -56 -55 -55 -54 -54 -54 -54 -54 -54 -54 -62 -61 -62 -61 -55 -55 -56 -56 -56 -55 -55 -55 -54 -54 -55 -55 -66 -64 -65 -66 -66 -67 -69 -55 -54 -54 -54 -53 -53 -53 -53 -53 -54 -54 -54 -69 100 -66 -67 -54 -55 -55 -56 -54 -55 -54 -55 -55 -55 -55 -55 
16 39 30 1 162 -51 -50 -50 -50 -50 -50 -50 -49 -50 -50 -50 -50 -48 -47 -47 -47 -48 -48 -48 -48 -48 -48 -48 -48 -48 -48 -48 -48 -47 -47 -48 -48 -48 -48 -48 -51 -52 -52 -52 -52 -52 -52 -52 -51 -51 -52 -52 -51 -52 -52 -52 -54 -54 -56 -56 -54 -54 -56 -56 -53 -54 -55 -56 -52 -52 -52 -52 -53 -52 -52 -52 -52 -52 -52 -52 -58 -57 -57 -57 -52 -52 -52 -52 -52 -52 -52 -52 -52 -51 -52 -51 -55 -55 -55 -54 -55 -55 -55 -50 -50 -50 -51 -50 -50 -50 -50 -50 -50 -50 -50 -58 -58 -58 -59 -52 -52 -53 -54 -52 -52 -52 -53 -51 -52 -52 -52 
16 39 34 1 162 -59 -58 -58 -57 -60 -58 -57 -56 -58 -58 -57 -56 -49 -49 -48 -48 -48 -47 -46 -46 -47 -46 -46 -46 -46 -46 -46 -46 -46 -45 -45 -45 -45 -45 -45 -45 -45 -46 -46 -45 -46 -46 -46 -46 -45 -46 -46 -46 -46 -46 -47 -50 -50 -51 -51 -50 -50 -51 -51 -50 -50 -51 -51 -54 -54 -54 -54 -54 -54 -54 -54 -54 -54 -54 -54 -64 -63 -63 -61 -54 -54 -54 -54 -54 -54 -54 -54 -54 -54 -54 -54 -64 -64 -64 -63 -63 -63 -63 -58 -58 -58 -58 -58 -59 -58 -58 -58 -58 -58 -58 -65 -65 -67 -66 -52 -52 -52 -52 -52 -52 -52 -52 -52 -52 -52 -52 
16 39 37 1 162 -54 -54 -53 -52 -54 -53 -52 -52 -52 -52 -52 -52 -47 -46 -46 -46 -46 -46 -46 -45 -46 -46 -45 -45 -46 -46 -45 -45 -45 -45 -45 -45 -45 -45 -45 -46 -46 -46 -46 -46 -46 -45 -45 -45 -46 -48 -48 -47 -46 -48 -48 -54 -52 -52 -50 -48 -50 -52 -52 -52 -52 -52 -51 -55 -54 -54 -54 -54 -54 -54 -53 -52 -53 -53 -53 -59 -59 -60 -60 -54 -54 -54 -54 -53 -53 -54 -54 -54 -52 -53 -52 -63 -63 -64 -63 -60 -59 -59 -58 -57 -56 -57 -56 -54 -54 -54 -58 -62 -58 -56 -66 -66 -66 -69 -51 -51 -50 -50 -50 -51 -51 -52 -51 -52 -51 -51 
16 39 40 1 162 -51 -50 -49 -49 -51 -51 -50 -50 -50 -51 -50 -50 -46 -46 -45 -45 -45 -45 -44 -44 -45 -45 -45 -44 -45 -45 -44 -44 -44 -43 -43 -43 -43 -43 -43 -44 -44 -44 -45 -43 -44 -44 -44 -44 -44 -44 -44 -44 -44 -45 -45 -48 -48 -49 -49 -48 -48 -49 -49 -48 -48 -49 -49 -52 -52 -52 -52 -52 -52 -52 -52 -52 -52 -52 -52 -60 -60 -60 -60 -55 -54 -55 -54 -55 -54 -55 -54 -55 -54 -55 -54 -66 -66 -67 -67 -68 -67 -67 -52 -52 -51 -52 -52 -52 -52 -51 -52 -52 -52 -52 -58 -58 -58 -58 -48 -48 -48 -49 -48 -49 -48 -49 -48 -49 -49 -49 
16 39 44 1 162 -58 -58 -58 -58 -58 -58 -58 -59 -59 -59 -58 -58 -66 -67 -61 -59 -54 -54 -52 -52 -55 -54 -53 -52 -53 -53 -52 -52 -50 -50 -49 -49 -49 -48 -49 -48 -48 -100 -48 -47 -48 -48 -48 -48 -48 -48 -47 -46 -46 -47 -47 -50 -50 -51 -51 -50 -51 -51 -51 -51 -51 -51 -51 -54 -54 -54 -53 -54 -53 -53 -52 -53 -54 -54 -53 -62 -61 -63 -62 -56 -56 -57 -56 -57 -57 -57 -57 -57 -56 -57 -57 -72 -72 -72 -72 -72 -72 -72 -55 -55 100 -55 -55 -55 -54 -55 -54 -55 -55 -55 -77 -77 -85 -88 -54 -54 -54 -55 -54 -54 -54 -54 -54 -54 -54 -54 
16 39 47 1 162 -60 -61 -60 -61 -60 -61 -60 -61 -61 -61 -60 -60 -65 -63 -59 -58 -54 -54 -52 -52 -54 -54 -52 -52 -54 -54 -52 -52 -49 -49 -49 -48 -48 -48 -48 -48 -48 -48 -48 -48 -48 -48 -48 -47 -48 -48 -48 -46 -46 -46 -46 -51 -51 -51 -51 -51 -51 -51 -51 -51 -51 -51 -51 -56 -55 -56 -55 -56 -56 -56 -55 -55 -55 -55 -55 -66 -66 -67 -67 -58 -58 -58 -58 -58 -58 -58 -58 -58 -57 -58 -58 -75 -75 -76 -76 -78 -78 -78 -54 -55 -54 -54 -54 -55 -54 -54 -54 -54 -54 -54 -78 -80 -77 -78 -53 -54 -54 -54 -54 -54 -54 -54 -53 -54 -54 -54 
16 39 50 1 162 -64 -64 -60 -60 -62 -61 -58 -58 -59 -60 -58 -58 -54 -54 -52 -52 -51 -50 -50 -49 -51 -51 -49 -49 -51 -50 -49 -48 -46 -45 -45 -44 -44 -44 -43 -43 -43 -44 -44 -44 -44 -45 -45 -44 -44 -44 -44 -42 -42 -42 -42 -45 -45 -45 -46 -45 -46 -46 -46 -46 -46 -46 -46 -54 -54 -54 -54 -55 -54 -54 -54 -54 -54 -54 -54 -75 -75 -76 -77 -53 -52 -53 -53 -53 -52 -54 -54 -54 -53 -54 -54 -69 -69 -72 -72 -73 -71 -69 -49 -50 -50 -50 -50 -51 -52 -52 -54 -55 -54 -54 -58 -60 -63 -65 -50 -50 -50 -50 -49 -50 -50 -50 -50 -50 -50 -50 
16 39 54 1 162 -48 -48 -46 -46 -48 -48 -46 -46 -48 -48 -47 -47 -41 -40 -40 -40 -40 -40 -39 -39 -40 -40 -39 -39 -40 -40 -39 -39 -38 -38 -38 -38 -38 -38 -38 -37 -38 -38 -38 -37 -38 -38 -38 -38 -38 -38 -39 -39 -40 -40 -40 -44 -44 -45 -45 -43 -44 -45 -45 -43 -44 -45 -45 -44 -44 -44 -44 -44 -44 -44 -44 -44 -44 -44 -44 -52 -52 -51 -51 -53 -52 -55 -55 -53 -52 -56 -56 -53 -52 -57 -57 -47 -46 -46 -46 -46 -46 -46 -55 -56 -58 -59 -55 -56 -58 -57 -55 -56 -57 -58 -46 -46 -46 -46 -47 -46 -46 -46 -47 -47 -46 -46 -47 -47 -46 -46 
16 39 57 1 162 -49 -49 -48 -48 -51 -51 -51 -51 -53 -52 -51 -51 -47 -47 -46 -46 -45 -45 -45 -44 -45 -45 -44 -44 -44 -43 -43 -43 -44 -44 -44 -43 -43 -43 -43 -42 -43 -43 -44 -42 -43 -43 -44 -42 -43 -43 -43 -46 -46 -48 -48 -52 -54 -54 -55 -52 -54 -54 -56 -52 -53 -54 -55 -49 -49 -50 -50 -51 -51 -51 -52 -52 -52 -52 -52 -48 -47 -47 -46 -52 -52 -52 -52 -52 -52 -52 -53 -54 -55 -54 -54 -47 -47 -47 -46 -47 -47 -47 -65 -64 -64 -63 -64 -63 -63 -64 -62 -61 -61 -60 -46 -47 -47 -47 -50 -50 -50 -50 -50 -50 -50 -50 -50 -49 -49 -49 
16 40 1 1 162 -50 -49 -48 -47 -50 -50 -49 -48 -52 -51 -50 -50 -45 -45 -44 -44 -42 -42 -42 -42 -42 -42 -42 -42 -43 -42 -42 -42 -42 -42 -42 -42 -42 -42 -42 -41 -41 -42 -42 -41 -42 -42 -42 -41 -41 -42 -41 -42 -42 -43 -43 -51 -52 -53 -54 -51 -51 -52 -52 -50 -50 -52 -52 -48 -48 -49 -49 -48 -48 -49 -49 -49 -48 -49 -49 -48 -47 -47 -47 -69 -69 -61 -62 -73 -74 -66 -66 -84 -67 -63 -60 -47 -46 -46 -46 -46 -46 -46 -54 -56 -56 -54 -51 -52 -55 -56 -53 -54 -56 -58 -46 -46 -46 -46 -51 -51 -50 -50 -51 -51 -50 -49 -50 -50 -49 -49 
16 40 4 1 162 -46 -46 -46 -46 -47 -47 -46 -46 -47 -48 -47 -47 -42 -42 -41 -41 -41 -40 -40 -40 -42 -40 -40 -40 -41 -40 -40 -40 -39 -39 -39 -38 -39 -38 -38 -39 -39 -39 -39 -39 -39 -39 -39 -38 -38 -38 -39 -38 -38 -39 -39 -43 -43 -44 -44 -43 -43 -44 -44 -42 -43 -43 -43 -46 -45 -45 -45 -46 -46 -46 -46 -46 -46 -47 -47 -64 -63 -61 -60 -49 -48 -49 -49 -49 -49 -49 -49 -49 -48 -49 -48 -60 -60 -60 -60 -60 -59 -59 -48 -48 -48 -48 -47 -48 -46 -46 -46 -46 -46 -46 -57 -56 -56 -55 -46 -46 -46 -46 -46 -46 -46 -46 -46 -46 -46 -46 
16 40 7 1 162 -52 -52 -52 -52 -54 -54 -53 -52 -53 -53 -52 -52 -47 -47 -46 -46 -46 -46 -46 -45 -46 -46 -46 -45 -46 -46 -45 -45 -45 -45 -45 -44 -44 -44 -44 -44 -44 -44 -44 -43 -43 -44 -44 -43 -43 -44 -44 -45 -46 -46 -46 -51 -52 -53 -53 -52 -52 -53 -54 -52 -52 -54 -54 -52 -52 -53 -53 -52 -52 -53 -53 -52 -52 -52 -52 -53 -53 -52 -52 -84 -80 -70 -70 -82 -88 -76 -78 -75 -74 -84 -94 -52 -52 -52 -52 -52 -52 -52 -67 -66 -61 -60 -63 -63 -58 -58 -60 -60 -57 -57 -52 -53 -54 -54 -49 -49 -49 -50 -50 -50 -50 -50 -50 -50 -50 -50 
16 40 11 1 162 -52 -52 -51 -51 -52 -52 -51 -50 -51 -52 -51 -51 -46 -45 -45 -44 -45 -45 -44 -44 -45 -45 -44 -44 -45 -45 -44 -44 -43 -42 -43 -43 -43 -43 -43 -44 -45 -45 -46 -44 -45 -45 -46 -45 -45 -45 -46 -46 -46 -46 -46 -51 -50 -51 -51 -50 -50 -51 -51 -49 -50 -51 -51 -51 -51 -51 -51 -51 -51 -51 -51 -50 -51 -51 -51 -62 -63 -63 -61 -51 -51 -51 -51 -52 -51 -51 -51 -52 -50 -51 -51 -61 -62 -61 -62 -63 -63 -64 -52 -52 -52 -52 -52 -52 -52 -52 -52 -53 -52 -53 -67 -68 -68 -69 -52 -52 -52 -52 -52 -52 -52 -52 -52 -53 -53 -53 
16 40 14 1 162 -53 -53 -52 -52 -53 -53 -52 -52 -52 -52 -52 -52 -49 -48 -48 -47 -48 -48 -47 -47 -48 -48 -47 -47 -48 -48 -47 -48 -46 -46 -46 -45 -45 -45 -45 -46 -46 -46 -46 -46 -46 -46 -47 -46 -46 -47 -47 -46 -47 -48 -48 -51 -50 -51 -51 -51 -51 -52 -52 -50 -51 -52 -52 -52 -52 -52 -52 -52 -52 -52 -52 -52 -52 -52 -51 -58 -57 -57 -56 -50 -49 -50 -49 -50 -50 -50 -50 -51 -50 -51 -51 -64 -64 -64 -63 -63 -63 -63 -50 -50 -50 -50 -49 -50 -49 -49 -49 -50 -49 -50 -60 -60 -60 -60 -51 -51 -52 -52 -51 -52 -52 -52 -51 -52 -52 -52 
16 40 18 1 162 -56 -56 -55 -56 -57 -58 -57 -58 -57 -58 -58 -58 -52 -52 -52 -51 -52 -52 -52 -51 -52 -52 -51 -51 -52 -52 -51 -50 -48 -100 -48 -48 -48 -48 -48 -50 -51 -51 -52 -50 -50 -51 -51 -49 -49 -49 -49 -46 -46 -47 -47 -51 -51 -51 -51 -49 -50 -51 -51 -51 -51 -51 -51 -58 -57 -57 -56 -58 -58 -57 -57 -57 -58 -58 -57 -61 -62 -61 -61 -54 -54 -54 -54 -54 -54 -54 -53 -54 -53 -53 -53 -62 100 -59 -58 -58 -58 -58 -51 -51 -50 -50 -50 -50 -49 -49 -49 -49 -48 -48 -56 -56 -56 -57 -51 -52 -52 -52 -51 -52 -52 -53 -52 -52 -53 -54 
16 40 21 1 162 -53 -53 -52 -52 -53 -53 -52 -52 -52 -53 -52 -52 -52 -52 -51 -50 -52 -52 -51 -51 -52 -52 -51 -51 -52 -52 -51 -51 -48 -48 -48 -48 -48 -48 -48 -49 -49 -50 -50 -49 -49 -50 -50 -49 -49 -50 -50 -48 -48 -49 -50 -52 -52 -52 -52 -52 -52 -52 -52 -51 -52 -52 -52 -54 -53 -53 -52 -54 -53 -53 -52 -53 -53 -53 -52 -55 -55 -55 -55 -51 -50 -50 -50 -51 -51 -51 -50 -51 -50 -50 -50 -55 -55 -55 -55 -55 -55 -56 -50 -51 -50 -51 -50 -51 -51 -51 -50 -51 -51 -51 -58 -58 -58 -58 -53 -54 -54 -54 -53 -54 -54 -54 -52 -54 -54 -54 
16 40 24 1 162 -51 -51 -50 -50 -52 -51 -50 -51 -51 -52 -51 -51 -49 -49 -48 -48 -48 -48 -46 -46 -48 -48 -47 -47 -48 -48 -47 -47 -45 -45 -45 -45 -45 -45 -45 -46 -46 -46 -46 -46 -46 -46 -46 -46 -46 -46 -46 -45 -45 -45 -46 -48 -48 -49 -49 -48 -48 -49 -49 -48 -48 -49 -49 -49 -48 -48 -48 -49 -49 -48 -48 -48 -48 -48 -48 -54 -54 -54 -54 -47 -47 -48 -47 -48 -47 -48 -48 -48 -47 -48 -48 -56 -56 -56 -56 -56 -56 -56 -50 -50 -50 -50 -50 -51 -50 -50 -50 -51 -50 -50 -58 -58 -59 -59 -51 -51 -52 -52 -51 -52 -52 -52 -51 -52 -52 -52 
16 40 28 1 162 -58 -58 -58 -58 -58 -58 -58 -58 -58 -58 -58 -58 -54 -54 -54 -53 -56 -55 -55 -55 -56 -56 -55 -55 -56 -55 -55 -55 -53 -53 -53 -53 -53 -53 -53 -55 -55 -56 -57 -55 -55 -57 -57 -55 -56 -57 -57 -57 -58 -58 -58 -60 -60 -61 -61 -60 -60 -61 -61 -59 -60 -62 -62 -57 -57 -57 -56 -57 -57 -57 -56 -57 -57 -57 -56 -61 -61 -62 -61 -56 -56 -57 -56 -57 -56 -57 -56 -56 -56 -56 -56 -66 -66 -66 -66 -66 -66 -67 -58 -58 -58 -58 -58 -58 -58 -58 -58 -58 -58 -58 -71 -71 -73 -73 -61 -64 -64 -65 -63 -63 -64 -64 -61 -64 -64 -64 
16 40 31 1 162 -52 -52 -52 -52 -52 -52 -52 -52 -52 -52 -52 -52 -49 -48 -48 -47 -48 -48 -48 -48 -48 -48 -48 -48 -49 -49 -49 -48 -47 -46 -47 -46 -47 -46 -47 -48 -48 -49 -50 -48 -48 -49 -50 -49 -49 -50 -50 -50 -50 -52 -52 -54 -54 -54 -54 -53 -53 -54 -54 -53 -54 -55 -55 -52 -52 -52 -52 -52 -52 -52 -51 -51 -52 -52 -51 -58 -58 -58 -57 -50 -50 -51 -50 -51 -51 -51 -51 -52 -51 -52 -52 -63 -62 -61 -61 -61 -62 -61 -52 -52 -52 -52 -52 -52 -52 -52 -52 -52 -52 -53 -64 -65 -66 -67 -56 -56 -56 -56 -55 -55 -56 -57 -55 -56 -56 -56 
16 40 34 1 162 -48 -48 -48 -48 -48 -48 -48 -48 -48 -48 -48 -48 -47 -47 -46 -46 -46 -46 -46 -46 -47 -47 -46 -46 -47 -47 -46 -46 -45 -45 -45 -44 -45 -100 -44 -46 -46 -46 -46 -46 -46 -46 -46 -46 -46 -46 -46 -44 -44 -45 -45 -51 -52 -52 -52 -51 -52 -52 -52 -51 -51 -52 -52 -60 -59 -59 -58 -60 -60 -61 -60 -60 -62 -61 -60 -62 -62 -60 -60 -54 -53 -53 -52 -53 -53 -52 -52 -53 -52 -52 -52 -57 -57 -57 -56 -57 100 -57 -46 -47 -46 -47 -46 -46 -46 -46 -46 -46 -46 -46 -56 -57 -58 -58 -48 -48 -48 -48 -48 -48 -48 -48 -47 -48 -48 -48 
16 40 38 1 162 -54 -54 -54 -54 -54 -54 -52 -53 -52 -53 -52 -52 -52 -51 -50 -50 -49 -49 -48 -48 -49 -48 -48 -48 -49 -48 -48 -48 -46 -46 -46 -46 -46 -46 -46 -46 -46 -46 -46 -46 -46 -46 -46 -46 -46 -46 -46 -46 -46 -46 -47 -50 -50 -51 -51 -49 -50 -50 -50 -49 -49 -49 -50 -54 -54 -54 -54 -54 -54 -54 -54 -54 -54 -54 -54 -69 -69 -69 -70 -55 -55 -55 -55 -55 -55 -55 -55 -55 -54 -56 -55 -73 -73 -72 -72 -73 -73 -73 -53 -53 -53 -53 -52 -53 -52 -52 -52 -53 -53 -53 -73 -72 -69 -68 -52 -53 -53 -53 -53 -53 -53 -53 -52 -53 -53 -53 
16 40 41 1 162 -56 -56 -55 -54 -56 -56 -54 -54 -55 -56 -54 -54 -51 -50 -49 -48 -50 -50 -49 -49 -50 -50 -49 -49 -50 -50 -49 -49 -46 -100 -46 -46 -46 -46 -46 -47 -47 -48 -48 -47 -47 -47 -48 -47 -47 -47 -47 -46 -46 -47 -47 -49 -49 -49 -49 -48 -49 -49 -50 -49 -49 -49 -49 -54 -53 -53 -52 -54 -54 -53 -52 -52 -53 -53 -52 -58 -58 -58 -57 -49 -49 -49 -49 -49 -49 -49 -49 -49 -48 -49 -49 -56 100 -57 -57 -57 -57 -57 -51 -51 -51 -51 -51 -51 -51 -51 -51 -51 -51 -52 -59 -59 -60 -60 -53 -54 -54 -54 -52 -54 -54 -54 -53 -54 -54 -54 
16 40 45 1 162 -56 -56 -55 -54 -56 -56 -55 -55 -55 -56 -55 -55 -49 -49 -48 -48 -50 -49 -49 -48 -50 -49 -49 -48 -50 -50 -49 -48 -46 -46 -46 -46 -46 -100 -100 -48 -48 -48 -48 -48 -48 -48 -48 -48 -48 -48 -48 -48 -48 -48 -49 -49 -49 -50 -50 -49 -49 -50 -50 -49 -49 -50 -50 -53 -52 -52 -52 -53 -52 -52 -52 -52 -52 -52 -52 -59 -59 -58 -58 -50 -49 -49 -49 -50 -49 -49 -49 -50 -49 -49 -49 -58 -58 -58 -58 -58 100 100 -52 -52 -53 -53 -52 -52 -53 -53 -52 -52 -53 -53 -61 -61 -63 -64 -56 -57 -57 -58 -57 -57 -58 -58 -57 -57 -58 -58 
16 40 48 1 162 -52 -53 -52 -52 -52 -53 -52 -52 -52 -52 -52 -52 -48 -48 -47 -46 -47 -46 -46 -46 -47 -46 -46 -46 -47 -46 -46 -46 -45 -44 -44 -44 -45 -44 -44 -45 -46 -46 -46 -45 -45 -46 -46 -45 -45 -45 -45 -44 -44 -45 -45 -48 -48 -48 -48 -48 -48 -48 -48 -47 -48 -48 -48 -54 -54 -54 -54 -54 -54 -55 -55 -54 -54 -55 -55 -62 -61 -60 -60 -63 -61 -60 -58 -60 -58 -58 -57 -58 -56 -57 -56 -58 -58 -59 -59 -61 -60 -61 -52 -52 -52 -52 -52 -52 -52 -52 -51 -52 -51 -52 -74 -78 -85 -81 -50 -50 -50 -50 -49 -49 -49 -49 -48 -49 -49 -49 
16 40 51 1 162 -50 -50 -49 -48 -49 -49 -48 -48 -48 -48 -48 -48 -44 -43 -43 -43 -43 -43 -43 -42 -44 -43 -43 -43 -44 -44 -43 -43 -44 -44 -44 -44 -44 -45 -45 -46 -46 -46 -47 -46 -46 -48 -48 -47 -47 -48 -48 -51 -51 -52 -52 -54 -54 -53 -52 -53 -53 -53 -52 -53 -52 -52 -52 -49 -49 -49 -49 -49 -48 -49 -48 -48 -48 -49 -49 -58 -57 -57 -56 -54 -54 -55 -54 -54 -54 -55 -54 -54 -53 -55 -54 -54 -54 -54 -54 -54 -54 -54 -70 -67 -66 -64 -64 -63 -63 -61 -63 -62 -61 -61 -55 -55 -56 -56 -57 -57 -57 -57 -56 -56 -57 -57 -57 -56 -56 -56 
16 40 55 1 162 -46 -46 -46 -46 -46 -46 -46 -46 -46 -46 -46 -46 -43 -43 -43 -42 -43 -43 -43 -43 -43 -43 -43 -43 -43 -42 -43 -43 -45 -45 -45 -45 -46 -46 -46 -46 -47 -48 -48 -46 -46 -48 -48 -46 -46 -48 -48 -54 -54 -57 -57 -60 -59 -60 -58 -60 -59 -59 -58 -60 -59 -59 -58 -51 -51 -52 -52 -51 -51 -52 -52 -51 -51 -52 -52 -52 -51 -51 -51 -60 -59 -58 -58 -60 -59 -58 -58 -61 -58 -58 -58 -51 -51 -51 -50 -50 -51 -51 -56 -55 -55 -54 -55 -55 -54 -55 -56 -55 -55 -54 -50 -51 -51 -51 -50 -50 -51 -51 -50 -51 -51 -51 -50 -50 -51 -51 
16 40 58 1 162 -57 -57 -58 -58 -56 -56 -57 -57 -56 -55 -56 -57 -66 -64 -64 -61 -54 -53 -52 -52 -54 -54 -53 -52 -56 -56 -54 -53 -48 -48 -48 -48 -48 -48 -100 -46 -46 -46 -46 -46 -46 -46 -46 -46 -46 -46 -46 -45 -45 -44 -44 -46 -46 -46 -46 -46 -46 -46 -46 -46 -46 -46 -46 -52 -51 -51 -50 -51 -51 -50 -50 -50 -50 -50 -50 -64 -62 -61 -61 -50 -50 -51 -51 -51 -50 -51 -51 -51 -50 -51 -51 -61 -61 -62 -61 -62 -61 100 -57 -57 -57 -57 -57 -57 -56 -57 -56 -57 -56 -57 -62 -62 -61 -62 -53 -53 -53 -53 -53 -53 -53 -54 -53 -53 -54 -54 
16 41 1 1 162 -56 -56 -57 -57 -56 -56 -57 -58 -57 -57 -57 -58 -61 -60 -64 -62 -58 -58 -56 -55 -58 -58 -55 -54 -58 -58 -54 -54 -49 -48 -48 -48 -100 -46 -47 -46 -45 -45 -46 -45 -46 -45 -46 -46 -46 -46 -46 -45 -45 -45 -46 -48 -48 -48 -49 -49 -50 -50 -50 -50 -50 -50 -51 -52 -52 -52 -51 -52 -52 -52 -51 -52 -52 -52 -51 -62 -61 -61 -61 -51 -51 -51 -51 -51 -51 -51 -51 -51 -50 -51 -50 -62 -61 -61 -60 100 -60 -60 -54 -54 -53 -54 -54 -54 -53 -54 -54 -55 -54 -55 -61 -63 -63 -64 -53 -53 -53 -54 -53 -54 -54 -54 -53 -53 -53 -53 
16 41 5 1 162 -42 -42 -42 -42 -42 -42 -42 -42 -42 -42 -43 -42 -41 -40 -41 -41 -45 -45 -46 -46 -45 -45 -45 -45 -45 -44 -44 -44 -46 -45 -45 -43 -43 -42 -42 -42 -42 -42 -42 -42 -42 -42 -43 -42 -42 -43 -43 -47 -48 -50 -51 -54 -55 -56 -55 -58 -58 -58 -58 -66 -69 -63 -61 -52 -52 -52 -51 -51 -50 -50 -49 -48 -48 -48 -48 -56 -57 -57 -57 -49 -48 -48 -48 -48 -47 -47 -46 -47 -46 -46 -46 -58 -58 -57 -57 -56 -55 -55 -53 -54 -53 -53 -53 -53 -52 -52 -52 -52 -51 -51 -52 -52 -52 -52 -47 -48 -48 -48 -48 -48 -48 -48 -46 -46 -46 -47 
16 41 8 1 162 -40 -40 -40 -40 -40 -40 -40 -40 -40 -40 -40 -40 -39 -39 -39 -39 -40 -40 -40 -40 -40 -40 -40 -40 -40 -40 -40 -40 -42 -42 -42 -42 -43 -43 -44 -46 -46 -47 -48 -47 -48 -48 -48 -47 -48 -47 -47 -42 -42 -42 -42 -43 -44 -42 -42 -43 -43 -42 -42 -42 -42 -41 -42 -51 -52 -52 -52 -51 -52 -52 -52 -52 -52 -52 -53 -51 -51 -51 -51 -54 -54 -52 -52 -54 -53 -52 -52 -54 -54 -53 -53 -52 -51 -52 -52 -52 -52 -52 -46 -46 -46 -46 -46 -47 -46 -46 -47 -47 -46 -47 -52 -52 -52 -52 -45 -45 -45 -45 -44 -45 -45 -45 -44 -45 -45 -45 
