12 51 20 1 111 -55 -56 -55 -56 -55 -54 -55 -54 -54 -53 -54 -54 -52 -50 -53 -53 -51 -49 -49 -50 -49 -49 -100 -49 -50 -50 -52 -52 -51 -52 -51 -53 -53 -52 -53 -52 -53 -53 -52 -54 -56 -56 -56 -56 -56 -55 -56 -56 -56 -57 -57 -57 -58 -58 -58 -59 -59 -60 -61 -62 -63 -65 100 -63 -64 -65 -64 -65 -65 -67 -65 -66 -65 -64 -64 -64 -63 -63 -63 -62 
12 51 24 1 111 -55 -56 -55 -55 -55 -54 -54 -54 -55 -54 -54 -54 -54 -53 -53 -53 -52 -53 -52 -50 -50 -52 -52 -53 -53 -100 -53 -53 -52 -53 -53 -52 -53 -53 -52 -53 -52 -52 -53 -53 -56 -55 -56 -57 -55 -56 -57 -56 -56 -55 -57 -57 -58 -58 -58 -59 -60 -60 -62 -63 -63 -64 -64 -62 -63 100 -63 -63 -63 -64 -63 -63 -62 -62 -68 -60 -67 -67 -64 -64 
12 51 29 1 111 -55 -55 -56 -56 -55 -55 -56 -56 -55 -54 -53 -53 -53 -53 -53 -54 -53 -52 -49 -49 -51 -49 -50 -53 -53 -53 -53 -52 -49 -49 -50 -52 -52 -53 -53 -53 -100 -55 -54 -54 -54 -56 -56 -57 -57 -56 -56 -56 -56 -56 -57 -58 -59 -58 -59 -58 -59 -58 -58 -59 -59 -64 -67 -72 -72 -67 -64 -64 -62 -62 -62 -63 -63 -63 -64 -68 100 -76 -69 -67 
12 51 34 1 111 -62 -63 -61 -58 -56 -54 -54 -53 -52 -53 -53 -52 -50 -50 -50 -50 -52 -50 -51 -50 -50 -53 -53 -53 -54 -55 -56 -57 -59 -61 -63 -64 -70 -72 -72 -75 -72 -68 -67 -68 -55 -57 -58 -59 -60 -57 -55 -54 -55 -55 -55 -58 -60 -63 -64 -62 -59 -58 -59 -59 -60 -62 -63 -66 -68 -68 -67 -67 -69 -74 -77 -77 -77 -73 -72 -65 -64 -63 -65 -68 
12 51 38 1 111 -57 -57 -56 -56 -55 -55 -56 -55 -54 -55 -54 -54 -53 -52 -53 -52 -53 -53 -53 -50 -49 -50 -49 -49 -49 -49 -49 -49 -49 -49 -50 -49 -50 -50 -53 -52 -53 -53 -53 -54 -59 -60 -59 -59 -59 -60 -60 -61 -61 -61 -61 -60 -61 -62 -63 -63 -63 -63 -64 -63 -64 -65 -67 -67 -66 -67 -67 -66 -66 -64 -64 -64 -64 -64 -64 -64 -64 -63 -63 -63 
12 51 43 1 102 -75 -75 -73 -72 -72 -72 -71 -71 -71 -71 -72 -72 -73 -73 -74 -100 -72 -72 -72 -72 -72 -72 -72 -73 -73 -73 -73 -73 -73 -72 -73 -73 -74 -74 -73 -73 -73 -74 -74 -75 -85 -85 -84 -82 -82 -82 -80 -82 -81 -83 -82 -82 -80 -79 -80 100 -79 -80 -81 -82 -84 -87 -94 -93 -83 -82 -80 -82 -85 -86 -84 -82 -80 -80 -80 -81 -81 -80 -78 -79 
12 51 43 1 111 -54 -55 -55 -57 -58 -59 -59 -57 -55 -54 -53 -50 -50 -50 -50 -50 -52 -52 -49 -49 -51 -51 -51 -49 -50 -50 -51 -50 -49 -49 -50 -52 -53 -52 -53 -53 -53 -53 -53 -53 -55 -55 -55 -55 -56 -56 -56 -58 -58 -59 -61 -62 -62 -60 -59 -58 -59 -63 -68 -67 -62 -60 -60 -62 -63 -67 -67 -64 -62 -63 -63 -63 -63 -63 -63 -63 -63 -64 -63 -62 
12 51 48 1 102 -80 -74 -73 -73 -72 -72 -72 -72 -72 -72 -100 -72 -72 -72 -72 -72 -72 -72 -72 -72 -72 -72 -72 -73 -72 -73 -73 -73 -72 -72 -72 -72 -72 -73 -73 -73 -74 -74 -74 -74 -80 -83 -81 -81 -81 -80 -79 -80 -80 -81 100 -81 -82 -82 -82 -84 -86 -84 -88 -87 -86 -84 -84 -83 -83 -84 -83 -82 -81 -80 -80 -80 -80 -79 -80 -79 -79 -79 -78 -78 
12 51 48 1 111 -55 -56 -55 -55 -54 -54 -54 -55 -54 -53 -53 -53 -50 -50 -50 -50 -50 -50 -50 -49 -50 -50 -50 -51 -50 -50 -49 -50 -49 -49 -50 -50 -53 -52 -53 -52 -53 -53 -53 -54 -58 -57 -58 -58 -57 -57 -58 -57 -59 -59 -59 -60 -58 -60 -60 -60 -61 -62 -63 -65 -63 -65 -67 -67 -66 -65 -65 -65 -64 -63 -64 -63 -63 -63 -63 -63 -63 -66 -64 -64 
12 51 52 1 102 -74 -74 -73 -73 -72 -72 -71 -72 -72 -72 -72 -72 -71 -72 -72 -72 -72 -72 -72 -72 -72 -72 -72 -73 -72 -72 -73 -72 -73 -73 -73 -73 -73 -73 -73 -74 -74 -74 -74 -74 -85 -82 -84 -82 -81 -81 -82 -82 -83 -82 -81 -82 -83 -83 -84 -85 -87 -88 -88 -87 -85 -85 -84 -83 -84 -82 -82 -82 -82 -82 -83 -82 -83 -83 -82 -82 -81 -81 -81 -81 
12 51 52 1 111 -55 -55 -55 -55 -54 -53 -53 -53 -53 -54 -53 -53 -53 -52 -52 -50 -50 -50 -50 -50 -49 -48 -50 -49 -49 -49 -49 -50 -50 -50 -52 -53 -51 -52 -52 -53 -52 -53 -53 -53 -58 -58 -57 -57 -57 -58 -58 -58 -58 -58 -59 -59 -59 -58 -58 -59 -60 -60 -60 -62 -63 -63 -62 -64 -65 -65 -64 -63 -63 -64 -64 -64 -64 -63 -63 -63 -63 -64 -63 -62 
12 51 57 1 102 -74 -74 -74 -73 -73 -73 -100 -72 -72 -72 -72 -72 -72 -72 -72 -72 -72 -72 -72 -73 -72 -73 -73 -72 -72 -73 -73 -73 -73 -73 -73 -73 -73 -73 -73 -73 -73 -73 -73 -75 -85 -84 -81 -81 -80 -81 100 -81 -81 -81 -81 -80 -83 -82 -84 -84 -84 -84 -85 -86 -87 -86 -89 -88 -85 -86 -86 -84 -84 -84 -83 -83 -83 -87 -88 -84 -81 -79 -77 -76 
12 51 57 1 111 -55 -55 -54 -54 -54 -54 -54 -54 -53 -52 -53 -52 -52 -53 -53 -53 -50 -49 -49 -50 -50 -52 -50 -50 -50 -50 -53 -53 -52 -52 -52 -53 -52 -53 -53 -53 -53 -53 -54 -53 -56 -57 -56 -56 -57 -56 -56 -56 -57 -57 -57 -58 -58 -59 -58 -59 -59 -62 -64 -62 -63 -63 -64 -65 -67 -68 -69 -67 -66 -64 -63 -63 -63 -63 -63 -63 -64 -63 -63 -63 
12 52 3 1 102 -74 -73 -73 -73 -73 -72 -72 -73 -73 -73 -73 -73 -76 -78 -100 -100 -89 -80 -100 -100 -100 -100 -100 -100 -100 -100 -100 -100 -100 -87 -100 -100 -100 -89 -90 -94 -100 -93 -88 -82 -86 -84 -82 -81 -80 -80 -79 -79 -82 -83 -82 -83 -84 -86 100 100 -93 -98 100 100 100 100 100 100 100 100 100 100 100 -91 100 100 -91 -90 -92 -90 100 -89 -87 -88 
12 52 3 1 111 -58 -57 -57 -56 -55 -54 -55 -54 -53 -53 -52 -53 -53 -52 -49 -49 -49 -48 -49 -49 -51 -48 -50 -50 -50 -50 -48 -49 -49 -49 -49 -49 -50 -50 -50 -100 -49 -51 -49 -53 -56 -56 -57 -57 -56 -56 -56 -56 -56 -58 -57 -56 -56 -56 -57 -59 -60 -60 -60 -60 -61 -62 -63 -68 -67 -63 -62 -62 -64 -65 -64 -67 -68 -67 -63 100 -64 -64 -64 -63 
12 52 7 1 102 -73 -73 -72 -72 -72 -74 -100 -71 -70 -70 -69 -69 -69 -69 -69 -70 -70 -71 -72 -72 -73 -74 -76 -77 -78 -80 -81 -83 -85 -100 -100 -100 -90 -100 -88 -92 -100 -100 -100 -100 -81 -82 -82 -82 -84 -87 100 -82 -83 -84 -83 -83 -82 -81 -83 -85 -85 -87 -87 -86 -85 -84 -85 -85 -83 -85 -88 -88 -90 100 100 100 -94 100 -91 -90 100 100 100 100 
12 52 7 1 111 -61 -100 -100 -100 -100 -100 -100 -100 -100 -100 -100 -100 -100 -100 -100 -100 -100 -100 -100 -100 -100 -100 -100 -100 -100 -100 -100 -100 -100 -100 -100 -100 -100 -100 -100 -100 -100 -100 -100 -100 -61 100 100 100 100 100 100 100 100 100 100 100 100 100 100 100 100 100 100 100 100 100 100 100 100 100 100 100 100 100 100 100 100 100 100 100 100 100 100 100 
12 52 12 1 102 -73 -72 -72 -72 -71 -71 -71 -71 -71 -71 -71 -71 -70 -71 -100 -71 -71 -100 -71 -71 -100 -71 -72 -72 -100 -72 -72 -72 -72 -72 -72 -72 -72 -73 -73 -73 -73 -74 -73 -73 -83 -81 -81 -81 -82 -81 -82 -82 -82 -84 -84 -84 -85 -86 100 -87 -91 100 -89 -86 -85 -85 -83 -82 100 -81 -81 -80 -80 -80 -80 -78 -78 -79 -78 -77 -78 -76 -77 -77 
12 52 17 1 102 -76 -72 -72 -72 -72 -71 -71 -71 -71 -70 -70 -70 -70 -71 -71 -71 -71 -100 -70 -70 -71 -72 -72 -73 -74 -74 -75 -75 -75 -77 -77 -77 -78 -100 -79 -80 -100 -82 -83 -84 -76 -83 -82 -82 -80 -79 -81 -82 -83 -84 -84 -89 -85 -83 -82 -85 -90 100 -89 -83 -83 -84 -83 -82 -83 -84 -85 -85 -86 -85 -84 -83 -86 100 -90 -89 100 -92 -91 -94 
12 52 21 1 102 -73 -73 -72 -72 -71 -71 -71 -72 -70 -70 -70 -70 -71 -71 -71 -71 -71 -71 -71 -71 -71 -70 -71 -71 -72 -72 -72 -72 -72 -72 -72 -72 -72 -72 -72 -72 -72 -73 -73 -74 -83 -81 -82 -81 -80 -80 -79 -81 -81 -82 -82 -82 -83 -85 -86 -88 -88 -87 -87 -86 -85 -83 -83 -83 -81 -82 -80 -82 -81 -82 -79 -80 -78 -78 -79 -79 -78 -78 -77 -78 
12 52 26 1 102 -73 -74 -73 -73 -72 -100 -71 -72 -71 -71 -71 -71 -71 -71 -71 -71 -100 -71 -100 -72 -72 -72 -72 -72 -72 -72 -72 -72 -72 -72 -72 -72 -73 -72 -74 -75 -100 -78 -79 -81 -83 -84 -83 -83 -82 -80 -80 -81 -81 -82 -82 -82 -83 -83 -85 -86 100 -91 100 -93 -88 -86 -85 -84 -82 -82 -81 -81 -81 -80 -80 -80 -80 -79 -78 -79 100 -81 -84 -85 
12 52 26 1 111 -69 -66 -63 -63 -67 -72 -67 -66 -62 -63 -63 -64 -63 -64 -63 -64 -64 -64 -63 -66 -68 -72 -74 -70 -66 -65 -66 -64 -64 -62 -62 -62 -63 -62 -64 -63 -62 -62 -61 -61 -65 -64 -64 -65 -69 -72 -70 -67 -68 -67 -66 -67 -69 -68 -67 -68 -66 -67 -66 -64 -67 -64 -63 -66 -64 -64 -62 -63 -63 -63 -62 -64 -64 -63 -63 -62 -64 -62 -62 -62 
12 52 31 1 102 -72 -72 -100 -72 -71 -71 -70 -71 -71 -70 -70 -71 -71 -70 -100 -71 -70 -71 -71 -71 -71 -71 -71 -71 -72 -71 -72 -72 -100 -72 -72 -72 -72 -72 -72 -73 -73 -73 -100 -74 -84 -82 100 -81 -83 -82 -82 -82 -83 -84 -84 -84 -86 -87 100 -89 -92 -91 -88 -86 -84 -83 -82 -81 -81 -81 -80 -80 -78 -78 -79 -77 -77 -77 -77 -77 -77 -77 -78 -77 
12 52 31 1 111 -57 -56 -56 -55 -55 -56 -54 -54 -55 -54 -53 -53 -53 -54 -53 -52 -53 -53 -50 -49 -50 -51 -51 -52 -53 -52 -53 -54 -53 -53 -53 -53 -53 -53 -52 -53 -54 -53 -53 -53 -56 -56 -56 -56 -57 -56 -57 -57 -56 -55 -57 -57 -58 -58 -59 -59 -60 -60 -62 -62 -63 -63 -64 -63 -63 -63 -64 -65 -64 -64 -64 -64 -63 -63 -66 -64 -64 -63 -63 -62 
12 52 35 1 102 -72 -73 -72 -72 -72 -71 -71 -71 -71 -70 -71 -71 -70 -70 -71 -70 -70 -70 -71 -71 -71 -71 -71 -71 -71 -71 -72 -72 -72 -72 -72 -72 -72 -72 -72 -72 -72 -72 -73 -73 -83 -81 -81 -81 -80 -79 -80 -79 -81 -80 -81 -82 -81 -82 -83 -84 -85 -88 -89 -88 -88 -86 -85 -84 -84 -83 -83 -82 -81 -81 -80 -80 -79 -79 -80 -78 -79 -79 -77 -77 
12 52 35 1 111 -57 -56 -56 -55 -55 -55 -55 -54 -54 -54 -53 -53 -53 -53 -53 -54 -53 -52 -52 -52 -52 -52 -53 -52 -53 -53 -53 -53 -53 -53 -53 -53 -54 -53 -53 -53 -53 -53 -53 -54 -57 -56 -56 -56 -57 -56 -57 -57 -58 -58 -58 -58 -58 -59 -59 -60 -59 -61 -62 -62 -64 -64 -62 -63 -64 -65 -64 -64 -64 -64 -64 -64 -63 -63 -63 -63 -64 -64 -64 -64 
12 52 40 1 102 -73 -73 -72 -72 -72 -71 -71 -71 -71 -71 -71 -71 -71 -70 -71 -71 -100 -71 -71 -71 -71 -71 -71 -71 -71 -72 -72 -72 -72 -72 -72 -72 -72 -72 -72 -72 -72 -72 -73 -73 -83 -81 -80 -80 -79 -79 -80 -79 -80 -81 -80 -82 -83 -83 -83 -85 100 -88 -87 -88 -86 -84 -84 -83 -83 -82 -81 -81 -81 -81 -80 -80 -79 -78 -79 -78 -78 -77 -77 -77 
12 52 40 1 111 -57 -57 -57 -57 -55 -55 -55 -55 -54 -54 -54 -54 -53 -53 -53 -53 -53 -53 -53 -52 -53 -53 -52 -53 -53 -53 -53 -54 -53 -53 -53 -53 -53 -53 -53 -53 -54 -53 -54 -55 -56 -56 -57 -56 -56 -57 -57 -57 -58 -58 -58 -58 -59 -59 -59 -60 -61 -61 -62 -62 -63 -64 -64 -63 -63 -63 -63 -64 -63 -64 -63 -63 -63 -63 -65 -64 -64 -63 -63 -63 
12 52 45 1 102 -73 -73 -72 -72 -72 -71 -71 -71 -71 -71 -71 -71 -71 -71 -71 -71 -71 -71 -71 -71 -71 -72 -71 -71 -72 -71 -72 -72 -72 -72 -72 -72 -72 -100 -72 -72 -72 -73 -73 -74 -83 -81 -81 -80 -80 -81 -80 -81 -81 -81 -82 -82 -83 -85 -87 -88 -92 -95 -94 -89 -86 -85 -84 -84 -84 -82 -82 -80 -81 -81 -80 -79 -79 100 -78 -79 -78 -78 -77 -77 
12 52 45 1 111 -57 -57 -57 -56 -56 -55 -55 -55 -55 -54 -55 -54 -54 -54 -54 -54 -53 -52 -52 -53 -52 -53 -53 -53 -52 -53 -53 -53 -54 -54 -53 -54 -54 -54 -53 -53 -53 -54 -55 -54 -57 -57 -57 -57 -57 -57 -57 -57 -57 -57 -58 -58 -58 -58 -59 -59 -60 -60 -61 -63 -63 -65 -65 -63 -63 -64 -63 -63 -63 -63 -63 -63 -66 -68 -64 -64 -63 -63 -63 -62 
12 52 49 1 102 -79 -80 -82 -83 -83 -84 -84 -84 -84 -84 -87 -84 -100 -100 -100 -100 -100 -87 -91 -100 -100 -89 -85 -100 -100 -100 -83 -100 -81 -80 -100 -100 -100 -100 -100 -100 -100 -77 -76 -75 -87 -84 -82 -82 -83 -83 -83 -85 -85 -88 -89 -92 100 100 100 100 100 -89 -85 -84 -84 -85 -88 100 -89 -87 -85 -82 -82 -82 100 100 100 -84 100 -80 -79 -79 -80 -80 
12 52 49 1 111 -55 -56 -57 -58 -58 -59 -60 -59 -60 -60 -61 -60 -60 -61 -60 -60 -61 -61 -60 -58 -58 -59 -60 -61 -64 -63 -63 -63 -66 -71 -78 -100 -100 -70 -70 -100 -73 -67 -66 -66 -54 -56 -56 -57 -57 -58 -56 -56 -57 -58 -59 -60 -61 -61 -61 -61 -62 -63 -63 -61 -63 -63 -64 -68 -69 -67 -64 -64 -63 -67 -67 -69 -68 -65 -62 -62 -62 -62 -64 -61 
12 52 54 1 102 -94 -100 -100 -100 -100 -100 -100 -100 -100 -100 -100 -100 -100 -100 -100 -100 -100 -100 -100 -100 -100 -100 -100 -100 -100 -100 -100 -100 -100 -100 -100 -100 -100 -100 -100 -100 -100 -100 -100 -100 -94 100 100 100 100 100 100 100 100 100 100 100 100 100 100 100 100 100 100 100 100 100 100 100 100 100 100 100 100 100 100 100 100 100 100 100 100 100 100 100 
12 52 54 1 111 -57 -57 -57 -55 -54 -54 -53 -54 -54 -53 -54 -53 -51 -49 -50 -50 -52 -53 -53 -53 -54 -52 -52 -49 -49 -49 -49 -49 -49 -49 -49 -50 -51 -53 -53 -53 -53 -53 -54 -53 -56 -55 -55 -55 -54 -54 -55 -55 -57 -56 -57 -56 -56 -56 -58 -59 -62 -63 -63 -63 -67 -63 -63 -63 -63 -63 -65 -65 -67 -69 -70 -69 -68 -67 -66 -64 -63 -62 -65 -64 
12 52 59 1 111 -55 -56 -55 -56 -56 -56 -56 -55 -55 -53 -49 -51 -50 -49 -50 -48 -49 -53 -53 -53 -53 -53 -53 -54 -53 -53 -50 -50 -50 -52 -50 -52 -52 -53 -53 -53 -52 -53 -52 -54 -56 -56 -57 -56 -57 -57 -58 -57 -58 -57 -54 -55 -55 -54 -56 -58 -58 -60 -61 -63 -62 -63 -63 -64 -62 -63 -64 -63 -63 -64 -63 -63 -66 -64 -64 -63 -62 -62 -61 -61 
12 53 3 1 111 -66 -66 -64 -64 -63 -64 -66 -64 -62 -60 -59 -61 -60 -56 -54 -52 -49 -48 -48 -49 -49 -49 -49 -49 -49 -48 -49 -48 -51 -48 -49 -49 -50 -49 -49 -50 -49 -49 -49 -50 -66 -64 -71 -73 -69 -68 -67 -65 -67 -64 -63 -63 -63 -63 -63 -63 -63 -63 -62 -62 -62 -62 -63 -64 -65 -73 -66 -62 -62 -64 -70 -62 -61 -60 -62 -64 -62 -62 -59 -62 
12 53 8 1 111 -61 -62 -64 -66 -65 -62 -63 -62 -61 -61 -61 -61 -61 -59 -58 -57 -56 -54 -54 -52 -49 -49 -50 -51 -48 -49 -53 -54 -54 -51 -49 -52 -52 -54 -54 -52 -49 -49 -53 -55 -61 -60 -61 -62 -64 -63 -64 -64 -65 -68 -69 -67 -64 -65 -63 -62 -61 -60 -62 -62 -62 -61 -62 -64 -65 -74 -72 -65 -63 -63 -67 -78 -67 -62 -60 -62 -64 -64 -61 -59 
12 53 13 1 111 -57 -57 -57 -57 -56 -55 -55 -55 -54 -55 -54 -54 -54 -53 -54 -53 -53 -52 -52 -53 -52 -49 -52 -52 -53 -52 -52 -53 -53 -53 -53 -53 -100 -53 -53 -53 -53 -53 -53 -54 -57 -56 -57 -56 -57 -56 -59 -57 -56 -58 -57 -58 -57 -58 -58 -59 -60 -60 -61 -62 -64 -64 -64 -63 -64 -63 -64 -64 -64 -64 -63 -63 100 -65 -64 -64 -63 -63 -61 -61 
12 53 17 1 111 -56 -57 -56 -55 -55 -55 -55 -55 -54 -54 -54 -53 -53 -53 -53 -53 -53 -53 -53 -50 -52 -52 -52 -52 -52 -53 -53 -100 -52 -53 -52 -53 -52 -52 -54 -53 -52 -53 -53 -53 -57 -56 -56 -56 -57 -57 -57 -55 -57 -57 -57 -57 -58 -58 -59 -60 -59 -60 -61 -62 -62 -63 -63 -63 -64 -62 -62 100 -70 -64 -64 -64 -63 -63 -62 -62 -61 -61 -60 -59 
12 53 22 1 111 -57 -57 -57 -57 -56 -56 -55 -55 -55 -54 -54 -54 -53 -54 -53 -53 -53 -53 -53 -53 -53 -53 -52 -53 -53 -53 -52 -54 -52 -53 -53 -52 -50 -53 -52 -52 -52 -52 -53 -52 -56 -56 -56 -56 -56 -56 -56 -57 -57 -56 -55 -57 -57 -58 -58 -59 -59 -59 -61 -63 -63 -63 -63 -64 -64 -64 -64 -64 -64 -63 -63 -63 -62 -62 -61 -60 -60 -60 -59 -59 
12 53 27 1 111 -56 -57 -57 -56 -56 -55 -55 -55 -55 -54 -54 -54 -53 -54 -53 -53 -53 -53 -53 -53 -52 -53 -53 -53 -52 -53 -53 -53 -53 -53 -53 -53 -52 -54 -53 -53 -53 -53 -53 -53 -57 -57 -57 -57 -56 -57 -56 -57 -57 -57 -57 -58 -57 -58 -58 -59 -59 -60 -61 -63 -62 -63 -63 -64 -64 -62 -66 -68 -65 -63 -63 -62 -62 -62 -60 -61 -60 -60 -60 -59 
12 53 31 1 111 -57 -58 -57 -57 -56 -56 -56 -55 -55 -54 -54 -54 -54 -53 -53 -53 -54 -53 -52 -53 -52 -53 -53 -52 -52 -53 -52 -54 -52 -53 -53 -52 -53 -53 -53 -53 -53 -53 -54 -53 -57 -56 -56 -56 -56 -56 -56 -56 -57 -57 -57 -58 -58 -58 -58 -59 -59 -60 -60 -62 -62 -63 -63 -65 -65 -65 -67 -60 -64 -67 -63 -63 -63 -63 -63 -63 -62 -61 -61 -60 
12 53 36 1 111 -56 -57 -57 -56 -55 -55 -55 -55 -54 -53 -53 -53 -53 -53 -53 -52 -52 -53 -52 -50 -52 -50 -52 -52 -52 -52 -52 -53 -52 -53 -52 -53 -53 -52 -52 -52 -52 -52 -53 -53 -56 -56 -56 -56 -56 -56 -56 -56 -56 -57 -57 -56 -56 -56 -58 -59 -59 -60 -61 -62 -63 -62 -64 -64 -67 -63 -63 -63 -62 -62 -64 -64 -63 -63 -62 -62 -62 -61 -61 -61 
12 53 41 1 111 -55 -56 -55 -55 -55 -55 -54 -54 -54 -54 -54 -53 -53 -53 -53 -53 -52 -53 -53 -50 -51 -53 -53 -52 -52 -53 -53 -53 -53 -52 -52 -53 -53 -52 -53 -52 -52 -53 -53 -53 -57 -57 -57 -56 -56 -56 -58 -57 -56 -56 -57 -58 -60 -59 -58 -60 -62 -59 -60 -63 -62 -63 -62 -63 -63 -62 -66 -64 -64 -64 -63 -63 -64 -63 -63 -63 -63 -61 -61 -62 
12 53 45 1 111 -56 -57 -56 -56 -55 -55 -55 -55 -55 -54 -53 -53 -53 -53 -52 -53 -52 -51 -53 -52 -51 -52 -51 -52 -52 -52 -53 -52 -52 -53 -53 -52 -52 -53 -53 -53 -52 -53 -53 -53 -56 -56 -56 -56 -56 -56 -56 -56 -57 -57 -58 -57 -58 -59 -59 -60 -60 -60 -62 -63 -63 -64 -62 -64 -64 -64 -64 -64 -63 -64 -63 -63 -64 -65 -64 -63 -62 -62 -62 -61 
12 53 50 1 111 -56 -56 -56 -55 -55 -55 -54 -54 -54 -54 -53 -54 -53 -53 -53 -53 -52 -52 -52 -51 -49 -52 -50 -53 -52 -52 -52 -52 -53 -53 -53 -53 -52 -52 -51 -53 -52 -52 -52 -53 -56 -56 -56 -55 -56 -56 -56 -56 -56 -57 -57 -58 -57 -58 -58 -60 -60 -60 -62 -63 -63 -64 -64 -62 -62 -63 -63 -67 -62 -66 -64 -64 -63 -62 -62 -61 -61 -61 -60 -60 
12 53 55 1 111 -56 -57 -56 -56 -55 -55 -55 -54 -54 -53 -53 -54 -53 -53 -52 -53 -52 -52 -52 -50 -49 -50 -50 -52 -52 -52 -52 -51 -50 -51 -50 -52 -52 -51 -51 -52 -52 -53 -52 -53 -56 -56 -56 -55 -56 -56 -56 -56 -56 -56 -57 -57 -58 -58 -58 -59 -59 -60 -61 -62 -63 -63 -63 -64 -64 -64 -63 -63 -63 -63 -63 -62 -61 -61 -60 -60 -60 -60 -59 -58 
12 53 59 1 111 -56 -56 -56 -56 -55 -55 -55 -54 -54 -54 -53 -54 -53 -54 -53 -53 -52 -53 -50 -50 -50 -49 -50 -52 -51 -52 -51 -52 -52 -52 -52 -52 -51 -51 -50 -51 -52 -50 -52 -52 -56 -55 -55 -54 -55 -56 -56 -56 -56 -57 -56 -57 -57 -58 -58 -59 -59 -60 -61 -61 -61 -63 -63 -63 -63 -64 -64 -64 -63 -63 -62 -62 -62 -61 -61 -60 -60 -59 -59 -58 
12 54 4 1 111 -56 -56 -56 -55 -55 -55 -54 -54 -54 -54 -54 -54 -53 -53 -54 -53 -53 -53 -52 -52 -52 -52 -50 -51 -52 -50 -50 -51 -53 -53 -52 -53 -53 -52 -52 -53 -53 -53 -52 -53 -57 -56 -56 -56 -56 -56 -57 -57 -57 -57 -57 -57 -58 -58 -59 -59 -60 -60 -61 -62 -62 -63 -64 -68 -64 -63 -62 -62 -60 -63 -63 -63 -62 -61 -61 -60 -59 -60 -60 -59 
12 54 9 1 111 -56 -57 -57 -56 -55 -55 -55 -54 -54 -54 -54 -53 -54 -53 -52 -53 -52 -52 -50 -50 -50 -52 -52 -50 -52 -52 -52 -52 -52 -52 -52 -53 -52 -51 -51 -53 -53 -53 -53 -53 -56 -56 -56 -56 -56 -57 -56 -56 -57 -56 -57 -57 -57 -58 -58 -58 -59 -60 -61 -62 -62 -62 -63 -64 -66 -64 -63 -64 -61 -65 -62 -62 -63 -63 -63 -62 -61 -61 -60 -59 
12 54 13 1 111 -57 -57 -57 -56 -55 -55 -56 -55 -55 -54 -54 -53 -54 -53 -53 -53 -53 -52 -51 -52 -52 -52 -53 -52 -52 -53 -53 -53 -52 -53 -52 -52 -52 -52 -52 -53 -53 -52 -54 -54 -54 -56 -56 -54 -55 -56 -54 -56 -56 -57 -56 -56 -58 -57 -58 -59 -59 -60 -61 -60 -62 -63 -64 -64 -63 -63 -63 -62 -64 -64 -63 -63 -63 -63 -63 -63 -61 -61 -61 -60 
12 54 18 1 111 -56 -57 -57 -56 -56 -55 -55 -55 -55 -54 -53 -53 -54 -54 -53 -53 -53 -52 -51 -52 -51 -50 -53 -52 -53 -52 -52 -52 -52 -52 -53 -53 -50 -52 -52 -52 -52 -52 -53 -53 -56 -57 -55 -55 -56 -55 -55 -56 -55 -56 -57 -56 -57 -57 -58 -57 -58 -59 -60 -61 -60 -61 -62 -62 -63 -63 -63 -63 -64 -63 -63 -63 -62 -63 -62 -62 -61 -61 -61 -60 
12 54 23 1 111 -57 -58 -57 -56 -57 -55 -56 -55 -55 -54 -54 -55 -53 -53 -53 -54 -53 -52 -53 -52 -49 -51 -52 -52 -52 -53 -52 -53 -52 -52 -52 -52 -51 -52 -52 -53 -52 -52 -53 -53 -57 -55 -56 -56 -54 -54 -54 -55 -56 -56 -56 -56 -57 -57 -58 -58 -59 -59 -60 -60 -62 -62 -63 -64 -64 -65 -66 -66 -64 -64 -64 -63 -64 -63 -62 -62 -61 -61 -60 -60 
12 54 27 1 111 -56 -57 -57 -56 -55 -55 -55 -55 -55 -54 -55 -54 -54 -54 -53 -53 -53 -52 -52 -52 -53 -52 -53 -53 -52 -53 -52 -53 -52 -52 -53 -52 -52 -53 -52 -52 -52 -53 -52 -52 -56 -56 -55 -56 -54 -56 -54 -56 -57 -56 -57 -56 -57 -57 -57 -58 -58 -60 -60 -60 -62 -62 -62 -63 -64 -64 -64 -65 -64 -63 -63 -62 -62 -62 -62 -60 -60 -60 -59 -59 
12 54 32 1 111 -57 -57 -56 -57 -56 -55 -55 -55 -54 -54 -55 -54 -53 -53 -53 -53 -53 -52 -52 -52 -52 -52 -51 -52 -53 -52 -52 -51 -52 -52 -51 -52 -52 -53 -52 -52 -52 -53 -52 -52 -56 -56 -56 -56 -56 -56 -57 -56 -57 -57 -57 -57 -57 -58 -58 -59 -60 -60 -61 -62 -63 -63 -64 -61 -63 -63 -63 -63 -62 -64 -64 -64 -63 -63 -62 -60 -61 -60 -60 -59 
12 54 37 1 111 -57 -58 -58 -57 -56 -56 -55 -55 -55 -55 -54 -54 -54 -53 -53 -53 -53 -53 -52 -53 -53 -50 -51 -51 -52 -52 -52 -50 -52 -51 -51 -52 -49 -52 -49 -50 -50 -52 -50 -53 -56 -56 -56 -56 -56 -55 -54 -56 -56 -56 -56 -59 -57 -57 -58 -58 -59 -59 -59 -62 -62 -62 -62 -64 -63 -64 -64 -64 -64 -64 -63 -64 -64 -63 -62 -62 -62 -59 -60 -60 
12 54 41 1 111 -56 -57 -57 -57 -55 -55 -55 -54 -54 -55 -54 -54 -54 -54 -53 -53 -53 -53 -53 -52 -52 -50 -52 -52 -53 -52 -52 -52 -52 -53 -52 -53 -52 -52 -52 -52 -52 -53 -53 -53 -56 -56 -56 -54 -56 -56 -56 -56 -56 -56 -57 -57 -58 -58 -58 -58 -60 -60 -61 -62 -63 -64 -67 -63 -63 -64 -64 -64 -64 -64 -63 -62 -65 -64 -63 -64 -62 -62 -61 -61 
12 54 46 1 111 -56 -57 -56 -56 -56 -56 -56 -55 -55 -54 -54 -53 -53 -53 -52 -52 -52 -52 -50 -49 -50 -50 -50 -52 -50 -50 -52 -52 -53 -52 -51 -53 -52 -52 -52 -52 -52 -52 -52 -53 -56 -57 -56 -55 -55 -56 -56 -56 -56 -56 -56 -56 -59 -57 -57 -57 -59 -58 -59 -61 -62 -62 -63 -63 -64 -64 -67 -69 -60 -65 -64 -64 -63 -63 -62 -62 -62 -62 -60 -60 
12 54 51 1 111 -57 -57 -57 -56 -55 -55 -55 -55 -54 -54 -54 -53 -53 -53 -53 -53 -53 -53 -52 -51 -50 -52 -50 -50 -52 -50 -52 -50 -50 -52 -52 -52 -52 -52 -53 -50 -52 -52 -52 -52 -56 -55 -55 -55 -56 -56 -56 -56 -56 -56 -56 -57 -57 -57 -57 -58 -58 -58 -59 -61 -62 -62 -62 -63 -62 -63 -63 -63 -62 -63 -63 -62 -62 -62 -62 -61 -61 -61 -61 -60 
12 54 55 1 111 -57 -58 -57 -57 -56 -55 -56 -55 -54 -54 -54 -54 -54 -53 -53 -53 -53 -53 -52 -52 -52 -50 -52 -50 -51 -52 -52 -100 -100 -52 -52 -50 -52 -52 -52 -52 -52 -52 -53 -53 -56 -56 -55 -55 -55 -55 -56 -56 -56 -56 -56 -56 -56 -56 -58 -58 -58 -59 -60 -61 -61 -62 -63 -64 -64 -64 -64 100 100 -63 -62 -62 -63 -68 -65 -64 -64 -63 -62 -62 
12 55 0 1 111 -56 -56 -56 -55 -55 -55 -55 -54 -54 -54 -53 -53 -53 -53 -53 -53 -52 -52 -50 -49 -49 -50 -50 -51 -52 -52 -52 -52 -52 -51 -52 -52 -52 -51 -52 -52 -53 -53 -52 -53 -54 -56 -56 -55 -56 -55 -55 -56 -56 -56 -56 -58 -58 -57 -58 -58 -59 -59 -59 -62 -62 -63 -63 -64 -64 -64 -61 -63 -65 -68 -65 -64 -64 -64 -63 -63 -62 -62 -62 -61 
12 55 5 1 111 -56 -58 -56 -57 -56 -56 -55 -55 -54 -54 -54 -54 -54 -53 -53 -53 -52 -52 -52 -51 -51 -50 -50 -52 -52 -53 -52 -52 -52 -52 -52 -52 -52 -52 -53 -52 -50 -52 -52 -52 -56 -56 -55 -56 -55 -56 -55 -56 -56 -56 -56 -56 -57 -57 -58 -58 -59 -60 -60 -62 -62 -62 -63 -63 -64 -64 -62 -62 -62 -63 -64 -64 -64 -64 -63 -63 -62 -62 -62 -61 
12 55 9 1 111 -56 -57 -57 -57 -56 -56 -55 -55 -55 -54 -55 -54 -54 -53 -53 -53 -53 -53 -52 -52 -52 -52 -52 -51 -52 -52 -52 -52 -52 -52 -52 -52 -52 -53 -52 -52 -52 -52 -52 -52 -57 -56 -56 -56 -56 -56 -56 -56 -56 -57 -57 -56 -58 -58 -58 -59 -59 -60 -61 -62 -62 -63 -63 -64 -67 -63 -63 -62 -69 -63 -64 -64 -63 -64 -64 -63 -62 -62 -62 -61 
12 55 14 1 111 -56 -57 -57 -56 -56 -55 -55 -55 -55 -54 -55 -54 -53 -53 -53 -53 -53 -53 -53 -53 -52 -52 -52 -52 -52 -52 -52 -52 -52 -52 -52 -52 -53 -53 -52 -51 -51 -52 -52 -53 -56 -56 -56 -56 -56 -56 -56 -56 -57 -57 -57 -57 -58 -57 -58 -59 -59 -60 -61 -62 -62 -63 -64 -64 -64 -63 -63 -63 -63 -66 -64 -63 -64 -63 -62 -62 -62 -61 -61 -60 
12 55 19 1 111 -56 -57 -57 -56 -56 -56 -55 -55 -55 -54 -54 -54 -53 -54 -53 -52 -53 -52 -52 -49 -50 -52 -52 -52 -52 -52 -53 -53 -52 -52 -52 -51 -51 -52 -52 -52 -51 -52 -53 -52 -56 -56 -56 -56 -55 -56 -56 -56 -55 -55 -56 -57 -57 -56 -57 -58 -59 -60 -59 -61 -61 -62 -62 -62 -63 -63 -63 -63 -63 -63 -62 -62 -62 -62 -61 -61 -61 -59 -60 -59 
12 55 23 1 111 -57 -57 -57 -57 -56 -55 -55 -55 -54 -54 -54 -54 -53 -53 -53 -53 -53 -52 -52 -52 -52 -50 -51 -52 -52 -52 -52 -53 -52 -52 -52 -52 -52 -52 -52 -100 -52 -52 -53 -53 -54 -56 -56 -55 -56 -56 -55 -56 -54 -56 -56 -56 -57 -57 -57 -58 -59 -59 -60 -62 -62 -63 -63 -64 -64 -66 -68 -60 -66 -64 -64 -64 -63 -63 -62 100 -62 -61 -61 -60 
12 55 28 1 111 -56 -58 -57 -57 -56 -56 -55 -56 -55 -55 -54 -54 -54 -53 -54 -54 -53 -53 -52 -52 -51 -52 -52 -52 -53 -52 -53 -52 -53 -52 -52 -52 -52 -52 -53 -52 -52 -53 -53 -53 -55 -56 -54 -56 -55 -56 -55 -56 -56 -56 -56 -56 -57 -58 -57 -58 -58 -59 -59 -60 -62 -62 -62 -64 -64 -65 -65 -65 -66 -61 -64 -64 -64 -64 -63 -63 -62 -63 -62 -62 
12 55 33 1 111 -57 -57 -57 -57 -56 -56 -55 -55 -55 -55 -55 -55 -54 -54 -53 -54 -53 -53 -52 -52 -52 -52 -52 -52 -52 -52 -52 -52 -53 -52 -53 -52 -52 -53 -53 -52 -52 -54 -53 -53 -56 -56 -54 -55 -55 -54 -56 -56 -56 -56 -56 -56 -57 -57 -57 -58 -59 -59 -60 -61 -62 -63 -64 -64 -66 -63 -64 -64 -65 -64 -64 -63 -63 -64 -63 -62 -64 -64 -63 -62 
12 55 37 1 111 -57 -57 -58 -57 -56 -56 -56 -55 -55 -55 -55 -54 -54 -53 -54 -53 -53 -53 -53 -52 -51 -53 -52 -52 -52 -52 -53 -52 -52 -52 -52 -53 -52 -53 -52 -52 -52 -52 -52 -53 -56 -55 -56 -55 -55 -56 -56 -56 -56 -56 -56 -56 -57 -57 -57 -58 -58 -59 -60 -61 -60 -62 -62 -63 -63 -63 -64 -63 -64 -64 -64 -64 -64 -62 -63 -62 -62 -61 -61 -60 
12 55 42 1 111 -57 -57 -58 -57 -56 -55 -55 -55 -54 -55 -54 -54 -53 -53 -53 -53 -53 -52 -53 -52 -53 -50 -51 -51 -52 -52 -53 -53 -52 -52 -52 -53 -52 -52 -52 -51 -52 -53 -52 -53 -56 -55 -55 -55 -55 -55 -55 -56 -56 -56 -56 -57 -56 -57 -57 -58 -58 -59 -60 -60 -61 -62 -63 -63 -64 -64 -68 -62 -66 -63 -67 -61 -65 -67 -64 -64 -64 -63 -63 -62 
12 55 47 1 111 -56 -57 -56 -56 -55 -55 -55 -55 -55 -54 -53 -53 -53 -53 -53 -53 -53 -52 -52 -50 -50 -50 -50 -52 -52 -52 -52 -51 -52 -52 -53 -52 -52 -52 -52 -52 -53 -53 -52 -52 -56 -56 -56 -56 -56 -56 -56 -57 -56 -57 -56 -57 -57 -58 -58 -59 -59 -59 -60 -62 -62 -63 -63 -64 -64 -64 -64 -64 -64 -64 -64 -64 -63 -63 -62 -62 -62 -62 -61 -59 
12 55 51 1 111 -57 -58 -57 -56 -56 -55 -55 -56 -55 -54 -54 -54 -54 -54 -53 -53 -53 -52 -52 -50 -49 -50 -50 -50 -51 -52 -52 -50 -100 -52 -52 -52 -52 -51 -53 -52 -52 -52 -52 -53 -56 -55 -55 -54 -55 -55 -55 -56 -56 -54 -54 -56 -56 -58 -57 -57 -58 -58 -60 -60 -60 -62 -62 -62 -64 -64 -65 -64 100 -62 -63 -61 -68 -65 -64 -63 -63 -63 -62 -62 
12 55 56 1 111 -56 -57 -57 -57 -56 -55 -55 -55 -55 -54 -54 -54 -54 -53 -54 -53 -52 -52 -53 -52 -51 -50 -50 -52 -53 -52 -52 -52 -51 -51 -52 -52 -53 -52 -52 -53 -50 -52 -52 -53 -56 -56 -56 -54 -56 -55 -55 -56 -54 -56 -57 -56 -57 -57 -58 -58 -59 -59 -60 -61 -62 -62 -62 -64 -63 -64 -64 -64 -64 -64 -64 -64 -63 -63 -63 -62 -62 -62 -62 -61 
12 56 1 1 111 -56 -57 -56 -57 -55 -55 -55 -54 -54 -53 -53 -53 -53 -53 -54 -53 -52 -53 -51 -50 -49 -50 -49 -50 -51 -52 -52 -52 -52 -51 -51 -52 -51 -52 -52 -51 -52 -52 -53 -53 -56 -56 -56 -56 -56 -56 -56 -56 -56 -58 -57 -57 -58 -58 -58 -59 -60 -59 -60 -62 -63 -62 -64 -64 -62 -63 -63 -63 -63 -63 -67 -63 -64 -64 -63 -63 -63 -62 -62 -62 
12 56 6 1 111 -56 -57 -55 -56 -55 -56 -55 -54 -55 -55 -54 -53 -54 -53 -53 -53 -53 -52 -50 -50 -50 -49 -51 -52 -51 -52 -51 -52 -52 -53 -52 -52 -53 -52 -52 -52 -52 -52 -52 -53 -56 -54 -56 -56 -56 -56 -57 -55 -56 -56 -56 -56 -57 -56 -57 -58 -58 -59 -59 -62 -63 -63 -63 -64 -64 -62 -63 -63 -63 -63 -61 -67 -64 -64 -63 -63 -62 -63 -62 -61 
12 56 10 1 111 -56 -57 -56 -57 -55 -55 -55 -55 -54 -54 -53 -54 -53 -53 -53 -53 -52 -53 -52 -51 -52 -51 -50 -52 -53 -52 -52 -51 -51 -53 -52 -53 -52 -51 -52 -53 -100 -53 -53 -53 -56 -56 -56 -54 -56 -56 -56 -55 -56 -56 -57 -56 -57 -57 -58 -59 -59 -59 -61 -62 -62 -63 -64 -63 -63 -64 -64 -64 -64 -64 -63 -62 -64 -64 -63 -63 100 -61 -61 -60 
12 56 15 1 111 -56 -57 -56 -56 -56 -55 -55 -55 -54 -55 -54 -53 -53 -53 -53 -52 -52 -53 -50 -50 -49 -50 -51 -50 -51 -52 -51 -52 -51 -52 -52 -51 -53 -52 -52 -52 -52 -52 -52 -53 -56 -56 -56 -55 -56 -54 -54 -55 -56 -56 -56 -56 -57 -57 -58 -58 -59 -59 -60 -59 -62 -63 -62 -63 -63 -64 -64 -62 -64 -67 -65 -64 -64 -63 -62 -62 -61 -62 -61 -61 
12 56 20 1 111 -56 -57 -57 -57 -55 -55 -55 -55 -54 -55 -54 -54 -54 -53 -53 -53 -52 -52 -52 -49 -50 -52 -52 -52 -52 -51 -51 -100 -52 -52 -52 -52 -53 -51 -52 -52 -100 -53 -52 -53 -55 -56 -55 -55 -55 -56 -54 -56 -56 -56 -56 -56 -57 -57 -57 -58 -57 -59 -60 -61 -62 -62 -63 -64 -64 -64 -64 100 -61 -63 -68 -66 -64 -64 -64 -63 100 -63 -62 -61 
12 56 24 1 111 -56 -57 -56 -57 -56 -56 -55 -55 -55 -54 -54 -54 -54 -54 -53 -53 -53 -52 -52 -52 -50 -52 -52 -52 -52 -51 -52 -100 -53 -52 -53 -52 -53 -53 -52 -53 -53 -53 -52 -53 -55 -56 -56 -56 -56 -56 -55 -56 -56 -57 -56 -57 -57 -57 -57 -58 -58 -59 -60 -62 -62 -63 -63 -63 -64 -68 -61 100 -65 -64 -64 -63 -63 -63 -62 -61 -62 -62 -62 -60 
12 56 29 1 111 -56 -57 -56 -56 -56 -55 -55 -55 -54 -54 -53 -53 -53 -53 -53 -53 -53 -53 -52 -52 -50 -50 -51 -53 -53 -53 -52 -53 -53 -53 -52 -53 -53 -53 -53 -53 -53 -53 -53 -53 -56 -56 -57 -56 -58 -58 -57 -57 -57 -57 -57 -58 -58 -58 -59 -60 -60 -62 -62 -64 -64 -63 -67 -63 -63 -63 -64 -64 -65 -64 -64 -63 -62 -64 -63 -63 -63 -62 -61 -61 
12 56 34 1 111 -56 -57 -57 -56 -55 -55 -55 -55 -54 -53 -53 -53 -54 -53 -53 -52 -52 -53 -51 -52 -49 -49 -50 -52 -52 -100 -52 -52 -53 -52 -52 -52 -53 -52 -53 -53 -53 -53 -53 -53 -57 -56 -56 -56 -56 -56 -56 -56 -57 -57 -56 -57 -58 -58 -58 -58 -59 -58 -61 -62 -62 -63 -64 -64 -64 100 -67 -63 -60 -62 -66 -63 -64 -64 -63 -63 -62 -62 -61 -60 
12 56 38 1 111 -56 -57 -57 -56 -55 -55 -55 -54 -54 -54 -53 -54 -53 -53 -53 -53 -53 -52 -51 -52 -53 -51 -52 -53 -52 -52 -53 -52 -53 -52 -53 -53 -53 -53 -53 -53 -53 -52 -53 -53 -57 -56 -56 -56 -57 -56 -55 -56 -57 -57 -57 -58 -58 -59 -58 -59 -60 -60 -61 -62 -63 -63 -64 -63 -63 -63 -63 -62 -62 -67 -64 -64 -63 -63 -62 -62 -62 -63 -61 -61 
12 56 43 1 111 -56 -57 -56 -56 -55 -55 -54 -54 -53 -53 -53 -54 -53 -53 -52 -52 -51 -50 -49 -49 -49 -50 -50 -49 -50 -49 -52 -52 -50 -53 -50 -50 -50 -50 -50 -50 -51 -53 -52 -52 -56 -56 -56 -56 -56 -56 -56 -57 -56 -57 -57 -57 -57 -57 -58 -59 -60 -59 -61 -62 -62 -64 -63 -63 -64 -63 -64 -64 -64 -64 -64 -63 -63 -63 -63 -62 -62 -60 -61 -60 
12 56 48 1 111 -55 -57 -56 -55 -56 -55 -54 -54 -53 -54 -53 -53 -52 -52 -52 -52 -50 -50 -50 -49 -49 -52 -50 -49 -52 -52 -52 -52 -52 -51 -52 -52 -52 -52 -53 -51 -52 -53 -53 -54 -56 -56 -56 -56 -56 -56 -56 -56 -57 -57 -57 -57 -58 -58 -58 -59 -60 -60 -62 -62 -63 -64 -64 -64 -63 -63 -62 -66 -65 -64 -64 -64 -63 -63 -62 -62 -61 -62 -60 -60 
12 56 52 1 111 -56 -57 -56 -55 -54 -54 -54 -54 -54 -53 -53 -53 -53 -53 -52 -52 -49 -49 -49 -49 -49 -50 -49 -49 -51 -50 -50 -51 -52 -50 -52 -52 -52 -52 -52 -53 -53 -52 -53 -53 -57 -56 -56 -56 -56 -56 -56 -56 -56 -57 -57 -57 -57 -57 -58 -59 -60 -61 -61 -62 -62 -63 -63 -64 -64 -64 -64 -64 -64 -64 -63 -62 -63 -62 -62 -62 -60 -59 -60 -60 
12 56 57 1 111 -56 -56 -56 -55 -56 -55 -55 -54 -54 -53 -53 -53 -53 -53 -53 -52 -51 -50 -50 -50 -50 -50 -50 -50 -100 -52 -52 -52 -52 -52 -52 -53 -52 -52 -52 -52 -53 -53 -53 -53 -56 -56 -56 -56 -56 -56 -57 -56 -57 -57 -57 -57 -57 -57 -59 -59 -59 -61 -61 -62 -62 -63 -64 -64 100 -68 -62 -68 -66 -61 -64 -64 -63 -62 -63 -62 -62 -62 -61 -60 
12 57 2 1 111 -56 -57 -56 -56 -55 -54 -55 -55 -54 -54 -54 -54 -53 -52 -53 -53 -53 -51 -50 -50 -50 -49 -51 -52 -50 -52 -52 -52 -52 -53 -52 -100 -52 -52 -52 -53 -53 -53 -54 -53 -56 -56 -57 -56 -56 -57 -56 -57 -57 -58 -58 -58 -58 -57 -59 -59 -59 -60 -61 -63 -63 -62 -63 -63 -63 -64 -65 -64 -64 -64 -63 100 -62 -61 -61 -60 -59 -60 -60 -60 
12 57 6 1 111 -56 -56 -56 -56 -55 -55 -55 -54 -54 -54 -54 -53 -53 -54 -52 -53 -52 -52 -50 -52 -50 -52 -51 -51 -52 -52 -52 -52 -52 -53 -52 -53 -52 -52 -52 -52 -52 -53 -53 -53 -56 -57 -58 -56 -57 -57 -57 -57 -57 -57 -57 -58 -58 -59 -59 -60 -60 -61 -62 -63 -66 -62 -63 -64 -64 -64 -65 -65 -64 -63 -63 -63 -66 -64 -63 -63 -62 -62 -60 -60 
12 57 11 1 111 -62 -56 -56 -56 -55 -55 -55 -54 -55 -54 -54 -54 -54 -53 -53 -53 -52 -53 -52 -51 -50 -52 -52 -53 -53 -53 -53 -53 -52 -53 -53 -52 -52 -53 -53 -52 -53 -52 -53 -53 -62 -56 -57 -56 -56 -57 -56 -56 -57 -58 -57 -58 -58 -58 -58 -60 -60 -60 -62 -62 -63 -64 -64 -65 -63 -62 -67 -66 -64 -64 -64 -63 -63 -61 -62 -61 -61 -61 -61 -60 
12 57 16 1 111 -57 -57 -57 -56 -56 -55 -55 -55 -55 -55 -54 -54 -53 -53 -53 -53 -53 -52 -52 -52 -52 -51 -52 -52 -52 -52 -51 -52 -53 -52 -52 -52 -52 -53 -53 -52 -52 -52 -52 -53 -57 -56 -55 -55 -56 -55 -55 -56 -56 -56 -56 -57 -57 -57 -57 -58 -58 -59 -59 -61 -62 -61 -63 -64 -65 -63 -63 -64 -64 -63 -63 -63 -66 -64 -63 -63 -62 -62 -62 -61 
12 57 20 1 111 -56 -57 -56 -56 -56 -55 -55 -55 -54 -54 -55 -53 -54 -53 -53 -53 -52 -50 -49 -49 -49 -49 -50 -50 -51 -50 -50 -52 -52 -51 -51 -52 -51 -50 -50 -52 -52 -52 -52 -53 -56 -56 -56 -56 -55 -54 -56 -56 -56 -57 -56 -57 -60 -57 -58 -58 -59 -59 -60 -61 -61 -62 -63 -63 -64 -64 -63 -63 -63 -64 -63 -64 -64 -67 -66 -64 -64 -64 -63 -62 
12 57 25 1 111 -56 -58 -57 -57 -55 -55 -55 -55 -55 -54 -54 -54 -53 -53 -53 -53 -52 -52 -51 -50 -50 -50 -52 -49 -52 -52 -52 -52 -100 -52 -52 -52 -52 -52 -51 -52 -52 -53 -52 -53 -56 -56 -56 -55 -55 -56 -55 -56 -56 -56 -56 -57 -57 -57 -57 -58 -58 -60 -60 -60 -62 -62 -63 -63 -64 -64 -64 -68 100 -64 -68 -64 -64 -63 -64 -63 -63 -62 -63 -62 
12 57 30 1 111 -56 -57 -56 -56 -56 -55 -55 -55 -54 -54 -54 -54 -53 -53 -53 -52 -52 -53 -51 -50 -52 -52 -51 -51 -52 -51 -53 -53 -52 -52 -52 -100 -53 -53 -53 -52 -53 -53 -53 -53 -56 -54 -56 -55 -55 -56 -56 -57 -56 -56 -56 -56 -56 -57 -57 -58 -59 -59 -60 -61 -62 -62 -63 -64 -69 -62 -68 -63 -62 -62 -67 100 -65 -64 -64 -63 -63 -63 -63 -62 
12 57 34 1 111 -56 -57 -56 -57 -55 -56 -55 -55 -55 -54 -54 -54 -53 -54 -53 -53 -53 -52 -52 -52 -50 -53 -52 -52 -100 -52 -52 -52 -52 -53 -52 -53 -53 -52 -53 -53 -53 -53 -53 -53 -56 -57 -55 -56 -56 -55 -56 -56 -57 -57 -58 -56 -57 -58 -58 -59 -60 -60 -61 -62 -62 -64 -64 -64 100 -63 -63 -62 -62 -69 -66 -65 -64 -63 -64 -64 -64 -64 -64 -63 
12 57 39 1 111 -56 -57 -56 -56 -55 -55 -55 -54 -54 -54 -54 -53 -53 -53 -53 -53 -53 -52 -52 -49 -51 -52 -52 -53 -52 -53 -52 -52 -53 -53 -53 -52 -53 -53 -54 -53 -53 -54 -53 -53 -56 -56 -56 -56 -56 -57 -56 -57 -56 -57 -56 -57 -58 -58 -59 -59 -60 -60 -60 -62 -62 -63 -63 -64 -63 -64 -67 -62 -62 -63 -62 -67 -65 -64 -64 -63 -63 -62 -63 -63 
12 57 44 1 111 -55 -57 -56 -56 -55 -55 -55 -54 -54 -54 -54 -53 -53 -53 -53 -53 -52 -51 -49 -51 -50 -50 -50 -52 -52 -51 -51 -52 -52 -52 -52 -52 -53 -53 -53 -53 -53 -53 -52 -53 -56 -56 -56 -56 -56 -56 -56 -56 -57 -56 -57 -57 -58 -58 -58 -59 -59 -60 -60 -62 -62 -63 -63 -65 -63 -63 -63 -63 -64 -63 -63 -63 -63 -63 -65 -64 -64 -63 -63 -62 
12 57 48 1 111 -56 -57 -56 -57 -55 -55 -55 -54 -54 -55 -53 -53 -53 -53 -53 -53 -53 -52 -52 -52 -51 -52 -52 -53 -52 -53 -52 -52 -52 -53 -53 -52 -53 -52 -53 -53 -53 -53 -53 -54 -57 -57 -56 -56 -58 -57 -57 -58 -56 -57 -58 -57 -58 -58 -59 -59 -59 -60 -62 -62 -62 -64 -62 -66 -64 -65 -64 -64 -63 -64 -63 -62 -63 -62 -64 -64 -63 -63 -63 -62 
12 57 53 1 111 -55 -55 -56 -55 -55 -54 -54 -54 -53 -53 -54 -53 -53 -53 -52 -53 -53 -52 -50 -49 -50 -50 -53 -52 -52 -53 -53 -53 -53 -53 -53 -53 -53 -53 -53 -54 -53 -54 -53 -53 -56 -56 -56 -56 -56 -56 -56 -57 -57 -58 -58 -58 -58 -58 -59 -59 -60 -59 -62 -62 -63 -64 -64 -63 -63 -63 -62 -63 -64 -64 -64 -64 -63 -63 -63 -69 -64 -64 -64 -63 
12 57 58 1 111 -56 -57 -56 -56 -56 -55 -54 -55 -54 -54 -54 -54 -54 -53 -53 -53 -52 -53 -51 -52 -51 -52 -52 -52 -53 -53 -52 -52 -52 -53 -53 -53 -53 -53 -53 -53 -53 -54 -54 -53 -57 -57 -60 -57 -59 -57 -57 -57 -57 -58 -58 -58 -58 -59 -59 -59 -61 -59 -62 -62 -63 -64 -67 -63 -63 -64 -64 -64 -63 -64 -64 -63 -63 -62 -66 -64 -64 -63 -63 -62 
12 58 2 1 111 -57 -57 -56 -56 -56 -55 -55 -55 -54 -54 -54 -54 -54 -53 -54 -53 -53 -53 -51 -50 -50 -50 -50 -51 -50 -49 -51 -50 -50 -50 -52 -49 -50 -51 -52 -53 -52 -52 -53 -53 -56 -56 -56 -56 -56 -56 -56 -56 -57 -56 -57 -57 -58 -58 -58 -59 -59 -60 -61 -62 -64 -62 -63 -65 -65 -66 -67 -67 -67 -67 -66 -65 -64 -65 -64 -63 -64 -65 -64 -63 
12 58 7 1 111 -56 -57 -57 -57 -56 -56 -55 -55 -54 -54 -54 -54 -53 -54 -53 -53 -52 -52 -51 -49 -49 -50 -50 -51 -52 -51 -51 -51 -52 -52 -52 -52 -52 -52 -50 -52 -50 -52 -52 -53 -56 -56 -55 -55 -56 -56 -56 -56 -56 -56 -56 -57 -57 -58 -58 -58 -58 -59 -61 -62 -63 -64 -65 -63 -63 -63 -64 -65 -65 -65 -64 -64 -64 -65 -63 -69 -64 -64 -63 -63 
12 58 12 1 111 -56 -58 -57 -57 -56 -55 -56 -55 -54 -54 -54 -54 -54 -53 -53 -53 -53 -52 -52 -52 -100 -52 -52 -53 -52 -52 -53 -52 -53 -53 -53 -52 -53 -53 -52 -53 -53 -53 -53 -54 -56 -56 -56 -56 -56 -56 -56 -56 -56 -57 -58 -57 -58 -58 -58 -59 -60 -61 -62 -64 100 -63 -64 -66 -66 -66 -65 -65 -65 -64 -64 -63 -63 -63 -63 -63 -68 -64 -64 -64 
12 58 16 1 111 -57 -57 -56 -56 -55 -55 -55 -56 -54 -54 -54 -53 -53 -54 -53 -53 -52 -52 -52 -50 -49 -51 -53 -52 -52 -52 -51 -53 -52 -52 -53 -53 -52 -53 -52 -53 -53 -53 -53 -53 -56 -56 -55 -56 -56 -56 -56 -56 -56 -57 -57 -57 -57 -58 -58 -59 -59 -60 -61 -62 -63 -64 -63 -64 -65 -66 -67 -67 -67 -67 -67 -67 -65 -64 -64 -64 -63 -62 -64 -64 
12 58 21 1 111 -57 -57 -56 -57 -56 -55 -55 -55 -54 -54 -54 -55 -54 -53 -53 -53 -52 -52 -51 -52 -51 -50 -50 -52 -51 -51 -52 -51 -53 -53 -52 -52 -52 -53 -52 -52 -52 -53 -52 -53 -55 -55 -55 -55 -55 -55 -56 -55 -55 -56 -56 -56 -56 -58 -57 -58 -58 -59 -60 -60 -62 -62 -63 -64 -65 -63 -62 -63 -63 -63 -63 -64 -64 -64 -64 -64 -63 -64 -63 -63 
12 58 26 1 111 -56 -56 -56 -56 -56 -55 -55 -55 -54 -55 -53 -53 -53 -52 -52 -52 -52 -51 -52 -49 -49 -50 -50 -50 -49 -52 -50 -52 -52 -52 -51 -52 -52 -52 -52 -52 -53 -53 -54 -53 -57 -56 -56 -54 -56 -57 -56 -56 -56 -58 -57 -57 -58 -58 -58 -59 -59 -60 -62 -62 -64 -64 -64 -64 -61 -63 -63 -63 -63 -64 -63 -63 -63 -64 -63 -63 -64 -62 -62 -62 
12 58 30 1 111 -57 -58 -57 -57 -56 -56 -55 -55 -54 -54 -54 -54 -54 -54 -53 -53 -53 -53 -52 -53 -52 -52 -52 -53 -53 -53 -53 -53 -53 -52 -54 -53 -53 -54 -53 -53 -53 -54 -53 -54 -56 -57 -56 -56 -57 -57 -57 -57 -57 -57 -58 -58 -58 -58 -59 -59 -60 -61 -63 -63 -63 -63 -63 -64 -64 -64 -64 -64 -67 -64 -64 -63 -63 -64 -63 -63 -62 -63 -62 -63 
12 58 35 1 111 -56 -56 -56 -55 -55 -55 -55 -54 -54 -54 -53 -54 -54 -53 -53 -53 -52 -53 -52 -52 -51 -52 -52 -52 -52 -53 -53 -52 -53 -53 -53 -53 -53 -53 -53 -54 -53 -53 -53 -54 -56 -56 -56 -56 -56 -55 -56 -56 -59 -58 -58 -57 -58 -58 -59 -60 -60 -61 -62 -63 -64 -64 -64 -66 -68 -66 -63 -63 -62 -66 -62 -64 -64 -67 -64 -64 -64 -63 -63 -62 
12 58 40 1 111 -55 -56 -55 -55 -54 -54 -54 -54 -54 -53 -53 -53 -52 -52 -50 -50 -49 -50 -49 -49 -50 -49 -50 -50 -49 -50 -51 -50 -52 -100 -52 -52 -51 -52 -52 -52 -52 -52 -52 -53 -56 -55 -55 -55 -56 -57 -56 -56 -56 -57 -58 -57 -58 -58 -59 -59 -59 -60 -62 -62 -63 -64 -65 -63 -63 -63 -63 -63 -63 100 -64 -64 -63 -63 -62 -62 -62 -63 -62 -63 
12 58 44 1 111 -56 -57 -57 -57 -56 -56 -55 -55 -55 -55 -54 -54 -54 -54 -54 -53 -53 -53 -53 -53 -53 -53 -53 -53 -53 -53 -54 -53 -53 -53 -53 -54 -54 -53 -53 -53 -54 -53 -53 -53 -57 -57 -56 -56 -56 -55 -57 -57 -55 -58 -57 -58 -58 -58 -58 -59 -60 -60 -62 -63 -63 -63 -64 -64 -64 -64 -64 -64 -64 -64 -63 -63 -63 -63 -63 -62 -62 -62 -62 -61 
12 58 49 1 111 -55 -55 -55 -54 -54 -54 -53 -53 -53 -53 -52 -53 -53 -50 -50 -50 -49 -50 -49 -49 -49 -49 -49 -49 -49 -49 -49 -49 -50 -49 -49 -49 -51 -50 -50 -50 -52 -52 -52 -52 -56 -56 -56 -56 -56 -56 -56 -56 -57 -56 -57 -57 -57 -58 -58 -59 -59 -60 -60 -61 -61 -62 -62 -62 -62 -62 -62 -62 -62 -63 -62 -62 -61 -61 -62 -59 -61 -60 -60 -60 
12 58 54 1 111 -55 -55 -54 -54 -54 -54 -53 -52 -52 -52 -52 -49 -49 -50 -49 -50 -49 -50 -49 -48 -49 -48 -49 -49 -49 -49 -49 -50 -49 -50 -49 -50 -49 -49 -51 -49 -51 -52 -53 -53 -55 -55 -55 -55 -56 -56 -56 -56 -56 -56 -57 -56 -57 -58 -58 -59 -59 -60 -61 -62 -62 -63 -63 -63 -64 -66 -62 -64 -64 -64 -64 -63 -63 -63 -63 -62 -62 -62 -61 -61 
12 58 58 1 111 -56 -56 -56 -56 -55 -55 -55 -54 -54 -54 -53 -53 -54 -53 -53 -53 -53 -52 -52 -50 -51 -49 -51 -52 -53 -52 -52 -52 -52 -52 -52 -53 -52 -53 -53 -53 -52 -53 -53 -53 -57 -56 -56 -56 -56 -57 -57 -56 -56 -56 -57 -57 -57 -58 -58 -59 -59 -60 -60 -61 -62 -62 -62 -63 -64 -63 -64 -64 -63 -64 -63 -63 -63 -64 -63 -63 -63 -62 -63 -62 
12 59 3 1 111 -56 -57 -56 -56 -55 -55 -54 -55 -54 -54 -54 -54 -53 -53 -52 -53 -53 -53 -49 -50 -49 -49 -49 -50 -50 -49 -49 -49 -50 -50 -52 -49 -52 -51 -50 -51 -52 -52 -52 -53 -56 -56 -56 -55 -55 -56 -56 -56 -54 -56 -56 -56 -57 -57 -57 -59 -59 -60 -60 -62 -63 -63 -64 -60 -63 -63 -63 -63 -63 -63 -63 -63 -63 -65 -64 -64 -64 -63 -63 -62 
12 59 8 1 111 -56 -57 -57 -56 -56 -55 -55 -56 -54 -54 -54 -55 -54 -53 -53 -53 -53 -53 -51 -52 -52 -52 -52 -52 -53 -53 -53 -53 -53 -53 -53 -53 -53 -53 -53 -52 -53 -53 -53 -53 -57 -56 -56 -56 -56 -56 -57 -57 -56 -57 -58 -58 -58 -58 -59 -59 -59 -60 -61 -62 -63 -63 -63 -64 -64 -65 -67 -62 -62 -62 -63 -65 -64 -65 -64 -64 -64 -64 -64 -63 
12 59 12 1 111 -55 -56 -56 -55 -54 -55 -54 -54 -53 -53 -53 -53 -53 -53 -52 -49 -49 -49 -49 -49 -49 -49 -49 -49 -49 -49 -49 -100 -50 -49 -49 -49 -50 -49 -50 -50 -51 -52 -52 -52 -56 -56 -56 -56 -56 -56 -56 -57 -56 -57 -57 -55 -57 -58 -58 -58 -59 -60 -61 -62 -63 -63 -64 -65 -64 -65 -64 100 -64 -67 -64 -64 -63 -63 -62 -62 -62 -62 -62 -61 
12 59 17 1 111 -56 -57 -56 -55 -55 -55 -55 -54 -54 -54 -53 -54 -53 -53 -53 -53 -52 -52 -51 -50 -52 -50 -52 -52 -52 -53 -53 -53 -52 -53 -53 -53 -53 -53 -53 -53 -53 -54 -54 -54 -57 -57 -57 -57 -57 -57 -57 -58 -57 -58 -58 -58 -58 -59 -60 -59 -60 -61 -62 -63 -63 -64 -64 -64 -63 -63 -63 -62 -67 -64 -64 -64 -63 -63 -62 -62 -62 -62 -61 -59 
12 59 22 1 111 -57 -57 -57 -58 -56 -56 -55 -55 -55 -55 -54 -55 -53 -53 -54 -53 -54 -53 -52 -53 -52 -52 -53 -53 -52 -53 -53 -53 -53 -53 -53 -53 -53 -53 -53 -53 -53 -54 -54 -54 -56 -56 -56 -56 -55 -56 -56 -56 -56 -57 -57 -57 -57 -58 -59 -59 -59 -60 -61 -62 -63 -63 -64 -64 -64 -62 -62 -63 -63 -63 -68 -61 -64 -64 -64 -63 -63 -63 -62 -62 
12 59 26 1 111 -57 -57 -57 -56 -55 -55 -55 -55 -54 -54 -54 -54 -53 -53 -53 -53 -53 -53 -52 -52 -52 -52 -53 -53 -53 -53 -53 -54 -54 -53 -53 -53 -53 -53 -53 -54 -53 -54 -53 -53 -58 -57 -58 -57 -57 -57 -57 -57 -57 -58 -58 -58 -59 -59 -60 -60 -60 -61 -62 -63 -63 -64 -65 -63 -63 -63 -64 -63 -63 -63 -63 -62 -68 -64 -64 -64 -63 -63 -63 -63 
12 59 31 1 111 -56 -56 -56 -56 -56 -54 -55 -54 -55 -53 -53 -54 -53 -53 -53 -53 -52 -52 -52 -51 -50 -50 -51 -53 -52 -52 -53 -52 -52 -52 -53 -52 -53 -52 -53 -53 -52 -54 -53 -53 -56 -56 -57 -56 -56 -57 -56 -56 -57 -57 -57 -58 -58 -58 -59 -59 -60 -59 -61 -62 -62 -63 -64 -64 -64 -64 -65 -62 -61 -65 -65 -64 -64 -64 -64 -64 -63 -63 -62 -62 
12 59 36 1 111 -56 -57 -57 -56 -55 -55 -55 -55 -55 -54 -54 -54 -54 -54 -53 -53 -53 -53 -52 -52 -50 -52 -52 -53 -52 -53 -52 -53 -52 -52 -53 -53 -53 -53 -53 -53 -52 -53 -53 -53 -57 -57 -56 -56 -56 -57 -57 -56 -56 -56 -57 -57 -57 -57 -58 -58 -59 -60 -61 -62 -62 -63 -64 -64 -65 -63 -62 -63 -63 -63 -63 -63 -62 -67 -62 -64 -64 -68 -64 -63 
12 59 40 1 111 -55 -56 -55 -55 -54 -54 -54 -54 -54 -53 -53 -53 -53 -53 -52 -52 -51 -50 -49 -52 -50 -50 -50 -100 -51 -51 -53 -52 -52 -53 -53 -53 -53 -52 -53 -53 -53 -53 -53 -53 -56 -56 -56 -56 -56 -56 -57 -57 -57 -57 -58 -58 -58 -59 -59 -60 -61 -61 -62 -63 -64 -65 -64 100 -63 -63 -63 -62 -68 -63 -67 -65 -64 -64 -63 -64 -63 -62 -62 -62 
12 59 45 1 111 -56 -56 -57 -56 -55 -54 -54 -54 -53 -54 -54 -53 -53 -53 -53 -53 -52 -52 -49 -51 -50 -50 -50 -51 -51 -49 -52 -52 -52 -52 -52 -52 -52 -53 -53 -53 -53 -53 -53 -54 -56 -56 -56 -56 -56 -56 -56 -56 -57 -57 -57 -57 -57 -57 -58 -59 -59 -60 -60 -61 -62 -63 -63 -64 -64 -64 -64 -64 -64 -63 -64 -63 -63 -63 -62 -63 -62 -63 -62 -62 
12 59 50 1 111 -57 -58 -57 -57 -56 -56 -56 -56 -56 -55 -56 -55 -54 -54 -54 -53 -53 -53 -52 -53 -53 -53 -53 -53 -53 -53 -53 -53 -53 -53 -53 -53 -53 -53 -52 -53 -53 -100 -53 -53 -57 -56 -57 -57 -57 -56 -57 -57 -57 -57 -57 -57 -57 -59 -58 -59 -60 -60 -61 -62 -63 -64 -64 -63 -63 -64 -63 -63 -63 -63 -63 -63 -66 -64 -63 -63 -63 100 -62 -61 
12 59 54 1 111 -55 -55 -55 -54 -54 -54 -53 -54 -53 -53 -53 -52 -52 -52 -52 -51 -50 -49 -49 -49 -49 -50 -49 -50 -50 -49 -49 -49 -100 -50 -50 -52 -52 -52 -51 -53 -52 -52 -53 -53 -56 -56 -56 -56 -57 -56 -57 -57 -56 -59 -57 -57 -57 -58 -58 -58 -58 -59 -60 -61 -62 -63 -63 -64 -64 -63 -63 -63 100 -64 -64 -64 -63 -63 -62 -62 -62 -62 -61 -60 
12 59 59 1 111 -63 -66 -66 -69 -71 -72 -71 -69 -68 -67 -66 -67 -67 -66 -66 -65 -66 -67 -66 -67 -67 -70 -100 -70 -71 -72 -74 -77 -100 -81 -81 -100 -77 -75 -73 -71 -69 -68 -67 -66 -63 -63 -63 -63 -64 -65 -67 -67 -65 -67 -68 -68 -68 -68 -68 -69 -71 -72 -74 -75 -77 -78 100 -78 -80 -81 -82 -82 100 -83 -84 100 -84 -82 -79 -75 -74 -72 -70 -69 
13 0 4 1 111 -54 -54 -55 -56 -57 -58 -58 -58 -56 -55 -53 -53 -52 -50 -53 -53 -53 -54 -54 -54 -54 -53 -53 -53 -53 -53 -53 -52 -49 -49 -49 -49 -50 -52 -53 -53 -53 -54 -54 -54 -55 -55 -54 -56 -57 -59 -58 -57 -58 -57 -57 -56 -57 -57 -58 -58 -59 -60 -60 -61 -60 -62 -62 -62 -62 -64 -63 -62 -62 -61 -61 -61 -60 -60 -60 -59 -60 -59 -59 -60 
13 0 8 1 111 -56 -56 -55 -54 -55 -53 -53 -54 -53 -53 -53 -53 -52 -52 -50 -49 -49 -49 -49 -51 -49 -49 -49 -49 -50 -49 -49 -48 -49 -51 -48 -49 -49 -48 -49 -49 -48 -48 -48 -49 -55 -54 -54 -54 -54 -54 -55 -55 -55 -55 -56 -56 -56 -56 -56 -57 -57 -58 -59 -59 -62 -61 -63 -63 -64 -66 -62 -63 -67 -64 -63 -63 -62 -62 -61 -60 -59 -58 -58 -59 
13 0 13 1 111 -56 -57 -57 -55 -55 -54 -53 -54 -53 -54 -54 -54 -54 -52 -50 -48 -48 -48 -49 -49 -49 -49 -48 -49 -49 -48 -48 -48 -100 -49 -49 -48 -51 -48 -48 -50 -49 -49 -49 -49 -56 -56 -57 -58 -57 -55 -55 -55 -55 -55 -56 -57 -58 -58 -57 -56 -57 -58 -61 -62 -63 -64 -64 -64 -63 -65 -64 -63 100 -64 -64 -64 -63 -63 -62 -60 -60 -59 -58 -58 
13 0 18 1 111 -56 -57 -57 -56 -56 -55 -55 -54 -54 -53 -54 -53 -54 -54 -53 -54 -53 -53 -53 -53 -52 -53 -53 -52 -52 -52 -53 -53 -53 -54 -54 -54 -53 -53 -53 -53 -53 -53 -53 -54 -58 -57 -57 -57 -58 -58 -58 -58 -58 -59 -60 -60 -61 -60 -59 -61 -61 -61 -63 -64 -63 -63 -63 -64 -64 -66 -66 -65 -62 -63 -63 -62 -63 -62 -62 -59 -60 -60 -60 -59 
13 0 22 1 111 -55 -55 -56 -54 -54 -54 -53 -53 -53 -53 -53 -53 -50 -50 -49 -49 -49 -49 -49 -49 -49 -50 -50 -50 -49 -50 -49 -49 -49 -49 -49 -49 -50 -52 -53 -52 -52 -50 -49 -49 -58 -57 -57 -57 -57 -57 -58 -58 -57 -57 -57 -57 -57 -57 -58 -58 -59 -60 -62 -63 -66 -64 -65 -67 -66 -67 -65 -64 -63 -64 -63 -63 -63 -63 -62 -63 -63 -62 -61 -60 
13 0 27 1 111 -53 -54 -55 -54 -53 -54 -53 -54 -53 -53 -53 -53 -50 -48 -50 -50 -50 -51 -50 -49 -49 -53 -53 -53 -53 -53 -52 -50 -49 -49 -48 -100 -51 -48 -49 -49 -49 -49 -53 -53 -56 -56 -56 -56 -56 -56 -56 -56 -57 -56 -55 -55 -53 -55 -54 -56 -58 -60 -62 -63 -64 -65 -64 -64 -64 -63 -63 -63 -63 -63 -63 100 -64 -63 -62 -62 -61 -61 -60 -60 
13 0 32 1 111 -54 -55 -54 -54 -53 -53 -52 -52 -51 -52 -50 -50 -49 -49 -49 -49 -49 -48 -48 -48 -50 -48 -50 -48 -50 -50 -48 -48 -48 -51 -51 -49 -49 -49 -49 -49 -50 -49 -49 -52 -56 -56 -56 -56 -55 -56 -57 -57 -58 -58 -59 -60 -59 -59 -60 -60 -59 -61 -62 -63 -64 -63 -64 -65 -67 -68 -67 -67 -66 -65 -64 -63 -64 -63 -63 -62 -61 -60 -59 -59 
13 0 36 1 111 -55 -55 -55 -53 -53 -52 -49 -50 -49 -49 -49 -48 -48 -50 -51 -49 -49 -49 -49 -50 -50 -48 -49 -49 -50 -52 -53 -54 -56 -58 -59 -61 -63 -64 -66 -69 -69 -66 -64 -62 -58 -59 -60 -59 -58 -56 -55 -54 -55 -55 -56 -57 -57 -57 -58 -59 -59 -62 -63 -63 -63 -63 -64 -66 -66 -65 -63 -64 -64 -64 -63 -63 -63 -64 -64 -63 -63 -64 -64 -64 
13 0 41 1 111 -56 -56 -56 -55 -55 -55 -54 -53 -53 -53 -53 -52 -53 -49 -50 -49 -50 -49 -49 -49 -49 -49 -49 -49 -100 -50 -50 -49 -49 -50 -50 -51 -51 -52 -52 -52 -52 -52 -53 -53 -57 -56 -57 -58 -58 -58 -58 -59 -59 -60 -60 -60 -60 -61 -62 -62 -63 -63 -63 -64 -63 -64 -63 -63 100 -64 -64 -63 -62 -62 -62 -62 -62 -61 -60 -60 -60 -59 -59 -58 
13 0 46 1 111 -55 -54 -54 -54 -53 -53 -53 -53 -53 -53 -52 -53 -50 -50 -50 -52 -49 -50 -49 -49 -50 -50 -49 -49 -50 -52 -51 -51 -52 -51 -52 -52 -52 -53 -52 -53 -53 -53 -53 -53 -58 -57 -58 -57 -57 -58 -59 -58 -58 -58 -58 -58 -59 -59 -60 -61 -60 -61 -63 -63 -63 -63 -63 -64 -64 -63 -63 -63 -63 -62 -62 -62 -61 -61 -60 -60 -59 -60 -59 -58 
13 0 50 1 111 -55 -56 -55 -55 -54 -54 -54 -54 -53 -53 -53 -53 -51 -53 -52 -50 -49 -49 -49 -50 -49 -49 -50 -51 -50 -51 -52 -51 -53 -53 -52 -52 -52 -52 -52 -53 -52 -53 -53 -53 -57 -57 -57 -57 -57 -57 -57 -57 -58 -58 -58 -58 -59 -59 -60 -60 -61 -62 -63 -64 -64 -63 -67 -63 -63 -63 -63 -63 -62 -68 -64 -64 -64 -63 -62 -62 -62 -61 -61 -60 
13 0 55 1 111 -54 -54 -54 -54 -54 -53 -54 -53 -53 -52 -52 -53 -52 -52 -50 -50 -49 -49 -49 -49 -50 -49 -49 -50 -50 -50 -49 -50 -50 -52 -51 -50 -49 -50 -50 -52 -52 -53 -53 -53 -56 -56 -56 -56 -56 -56 -54 -56 -56 -59 -57 -57 -58 -58 -59 -60 -60 -60 -62 -62 -62 -62 -62 -63 -63 -63 -63 -62 -63 -62 -62 -61 -62 -62 -60 -61 -61 -60 -60 -59 
13 1 0 1 111 -54 -55 -54 -54 -53 -53 -53 -53 -53 -53 -52 -52 -50 -49 -49 -49 -50 -49 -50 -49 -49 -49 -49 -49 -49 -49 -50 -49 -50 -49 -49 -50 -51 -50 -52 -53 -52 -53 -52 -52 -57 -57 -57 -58 -57 -57 -58 -57 -57 -57 -57 -57 -58 -59 -60 -60 -60 -61 -63 -63 -63 -63 -63 -64 -64 -64 -64 -63 -63 -62 -62 -61 -61 -61 -61 -59 -60 -60 -59 -59 
13 1 4 1 111 -55 -55 -55 -55 -55 -54 -54 -53 -53 -53 -53 -53 -53 -52 -52 -50 -50 -49 -49 -49 -49 -49 -50 -50 -50 -51 -49 -50 -50 -51 -52 -50 -49 -51 -52 -50 -53 -53 -52 -52 -56 -55 -55 -56 -55 -54 -55 -55 -56 -56 -56 -56 -57 -58 -58 -59 -59 -60 -60 -62 -62 -63 -63 -64 -64 -64 -64 -65 -63 -64 -63 -63 -62 -62 -61 -61 -60 -61 -59 -59 
13 1 9 1 111 -56 -56 -55 -54 -54 -55 -54 -53 -53 -53 -53 -53 -52 -53 -51 -49 -50 -49 -50 -49 -50 -49 -50 -50 -50 -50 -50 -52 -49 -52 -50 -52 -52 -50 -52 -51 -50 -51 -53 -53 -56 -56 -56 -56 -56 -56 -56 -56 -57 -57 -57 -57 -58 -58 -58 -60 -59 -60 -62 -63 -64 -63 -64 -63 -63 -62 -66 -64 -64 -64 -64 -62 -63 -62 -62 -61 -60 -60 -59 -59 
13 1 14 1 111 -55 -55 -55 -55 -54 -54 -54 -53 -53 -53 -53 -53 -53 -53 -52 -51 -49 -49 -49 -50 -49 -49 -49 -50 -53 -50 -52 -50 -49 -51 -50 -51 -52 -51 -49 -50 -50 -52 -53 -52 -56 -56 -56 -56 -56 -56 -56 -56 -56 -57 -59 -57 -57 -58 -58 -59 -59 -60 -60 -61 -62 -63 -62 -63 -63 -63 -64 -64 -63 -63 -62 -62 -62 -62 -61 -60 -60 -60 -60 -59 
13 1 18 1 111 -56 -56 -55 -55 -54 -54 -53 -54 -53 -53 -53 -52 -52 -52 -51 -50 -49 -49 -49 -49 -49 -49 -49 -50 -49 -49 -51 -50 -50 -49 -50 -49 -50 -50 -50 -51 -51 -53 -53 -53 -57 -56 -56 -56 -56 -56 -56 -56 -56 -57 -57 -57 -58 -57 -58 -59 -59 -60 -61 -62 -62 -62 -63 -64 -64 -66 -64 -64 -63 -64 -63 -62 -62 -62 -62 -61 -60 -60 -60 -59 
13 1 23 1 111 -55 -55 -55 -54 -54 -54 -53 -53 -53 -53 -54 -53 -53 -53 -52 -50 -50 -49 -49 -49 -49 -50 -49 -49 -49 -49 -49 -50 -52 -50 -52 -50 -51 -49 -51 -51 -52 -52 -52 -52 -56 -56 -56 -55 -55 -56 -56 -56 -56 -56 -57 -57 -58 -59 -59 -60 -61 -61 -62 -63 -62 -63 -64 -64 -65 -65 -64 -66 -62 -64 -64 -63 -64 -63 -63 -62 -63 -62 -61 -60 
13 1 28 1 111 -55 -56 -55 -54 -54 -54 -54 -54 -54 -53 -53 -52 -52 -52 -50 -49 -49 -49 -49 -48 -49 -48 -49 -49 -100 -49 -49 -49 -49 -49 -49 -49 -49 -49 -49 -50 -51 -50 -51 -53 -56 -56 -56 -56 -56 -55 -56 -56 -56 -57 -57 -57 -57 -58 -58 -59 -59 -60 -61 -61 -62 -63 -63 -64 100 -62 -63 -63 -63 -68 -67 -64 -64 -63 -63 -62 -61 -61 -61 -61 
13 1 32 1 111 -55 -56 -55 -55 -55 -54 -54 -54 -53 -54 -53 -53 -53 -53 -52 -52 -50 -50 -50 -50 -49 -49 -49 -49 -50 -50 -49 -50 -52 -51 -52 -50 -52 -52 -52 -53 -52 -53 -53 -53 -56 -56 -56 -56 -56 -57 -57 -56 -56 -56 -57 -57 -58 -58 -58 -59 -60 -61 -62 -62 -63 -64 -65 -62 -64 -64 -64 -64 -63 -63 -63 -66 -64 -64 -64 -63 -62 -61 -62 -61 
13 1 37 1 111 -55 -55 -55 -54 -54 -54 -54 -54 -53 -53 -52 -53 -52 -51 -49 -49 -52 -49 -49 -49 -49 -49 -49 -49 -49 -50 -50 -49 -50 -49 -49 -50 -52 -50 -50 -50 -52 -50 -53 -52 -56 -56 -56 -55 -56 -56 -56 -57 -56 -56 -57 -57 -57 -58 -58 -59 -59 -60 -61 -62 -62 -62 -63 -63 -63 -64 -64 -64 -63 -63 -63 -63 -62 -62 -61 -61 -60 -60 -60 -59 
13 1 42 1 111 -54 -55 -55 -54 -53 -53 -53 -53 -52 -52 -52 -52 -50 -50 -50 -51 -49 -49 -50 -49 -48 -49 -49 -50 -49 -49 -49 -50 -49 -49 -50 -49 -49 -49 -49 -52 -50 -49 -50 -50 -56 -56 -56 -56 -55 -55 -56 -56 -56 -56 -57 -57 -58 -58 -58 -59 -59 -60 -62 -62 -62 -62 -64 -64 -64 -64 -64 -63 -63 -62 -62 -62 -62 -62 -61 -61 -60 -60 -60 -59 
13 1 46 1 111 -55 -56 -55 -55 -55 -54 -54 -53 -53 -53 -53 -53 -53 -53 -53 -52 -52 -49 -50 -49 -49 -49 -49 -49 -50 -49 -48 -49 -49 -49 -52 -51 -52 -49 -49 -49 -49 -50 -52 -53 -58 -56 -56 -56 -57 -57 -58 -57 -57 -58 -57 -57 -57 -58 -59 -59 -59 -59 -62 -63 -63 -64 -64 -67 -68 -67 -64 -63 -63 -63 -63 -64 -64 -63 -63 -63 -62 -61 -60 -60 
13 1 51 1 111 -55 -56 -56 -55 -55 -55 -54 -54 -53 -53 -53 -53 -53 -52 -52 -50 -49 -49 -48 -49 -48 -49 -49 -49 -50 -49 -49 -50 -49 -50 -49 -51 -52 -52 -52 -52 -51 -53 -53 -53 -56 -56 -56 -56 -56 -56 -56 -56 -56 -56 -56 -57 -57 -57 -58 -58 -59 -60 -61 -63 -63 -63 -64 -64 -64 -64 -64 -64 -63 -63 -62 -62 -62 -62 -61 -61 -60 -60 -59 -59 
13 1 56 1 111 -55 -55 -55 -55 -55 -54 -55 -54 -53 -53 -53 -53 -53 -53 -52 -53 -49 -49 -49 -49 -49 -49 -49 -52 -50 -49 -52 -51 -50 -52 -50 -49 -50 -50 -52 -50 -51 -52 -52 -52 -56 -56 -56 -56 -56 -56 -56 -56 -56 -56 -56 -56 -57 -58 -58 -59 -59 -60 -61 -62 -62 -63 -64 -64 -66 -65 -64 -64 -64 -63 -63 -63 -62 -62 -62 -62 -62 -60 -59 -59 
13 2 0 1 111 -54 -54 -54 -54 -53 -53 -53 -53 -53 -51 -52 -52 -49 -50 -49 -49 -49 -49 -48 -49 -49 -49 -49 -49 -49 -49 -50 -50 -50 -50 -50 -52 -52 -52 -51 -52 -53 -53 -53 -53 -56 -55 -55 -56 -56 -57 -56 -56 -57 -57 -57 -57 -58 -58 -59 -59 -60 -61 -62 -62 -64 -64 -64 -63 -63 -63 -63 -63 -66 -64 -64 -63 -63 -62 -62 -61 -61 -60 -60 -60 
13 2 5 1 111 -55 -56 -56 -55 -54 -54 -54 -53 -54 -53 -53 -53 -53 -52 -51 -50 -49 -49 -49 -49 -48 -49 -49 -50 -49 -49 -49 -49 -50 -49 -49 -49 -49 -49 -49 -49 -49 -50 -50 -51 -57 -56 -57 -56 -56 -57 -57 -57 -57 -57 -57 -57 -58 -58 -58 -59 -59 -61 -61 -62 -63 -62 -62 -64 -63 -63 -63 -62 -62 -62 -62 -62 -60 -59 -61 -60 -60 -60 -59 -60 
13 2 10 1 111 -53 -54 -53 -52 -53 -52 -53 -52 -52 -49 -49 -49 -48 -48 -50 -50 -48 -51 -50 -48 -51 -51 -48 -51 -50 -50 -48 -49 -49 -49 -49 -49 -49 -49 -49 -50 -49 -50 -49 -50 -56 -56 -56 -56 -55 -56 -57 -56 -56 -56 -57 -57 -58 -58 -59 -58 -59 -60 -61 -62 -62 -63 -64 -63 -65 -64 -64 -62 -61 -60 -61 -61 -61 -60 -60 -60 -59 -59 -58 -58 
13 2 14 1 111 -53 -56 -55 -54 -52 -49 -50 -49 -49 -53 -52 -50 -49 -49 -49 -49 -48 -48 -47 -48 -50 -48 -49 -49 -52 -51 -49 -49 -49 -49 -51 -48 -48 -49 -52 -53 -53 -53 -49 -49 -54 -55 -56 -58 -59 -59 -57 -55 -55 -55 -56 -58 -60 -62 -62 -62 -60 -59 -59 -59 -60 -62 -63 -71 -71 -66 -64 -62 -61 -61 -61 -63 -64 -63 -64 -62 -60 -58 -58 -58 
13 2 19 1 111 -55 -56 -55 -54 -54 -54 -53 -53 -53 -53 -53 -52 -51 -51 -49 -50 -49 -49 -49 -50 -49 -49 -49 -49 -49 -49 -52 -49 -52 -52 -52 -52 -52 -52 -52 -52 -53 -53 -52 -54 -57 -56 -56 -56 -56 -57 -57 -55 -58 -58 -58 -58 -58 -59 -58 -60 -60 -61 -63 -64 -64 -64 -63 -63 -64 -64 -64 -63 -63 -63 -64 -64 -62 -62 -62 -61 -61 -60 -60 -59 
13 2 24 1 111 -55 -55 -55 -54 -54 -53 -54 -53 -53 -53 -52 -52 -50 -52 -50 -49 -49 -49 -49 -49 -49 -48 -49 -49 -49 -50 -52 -50 -49 -50 -50 -50 -49 -51 -53 -53 -52 -53 -53 -53 -55 -57 -57 -57 -57 -56 -57 -58 -57 -57 -58 -58 -58 -59 -59 -60 -60 -61 -63 -64 -64 -63 -64 -65 -65 -64 -64 -63 -67 -64 -63 -62 -62 -61 -60 -59 -58 -59 -59 -59 
13 2 28 1 111 -62 -66 -68 -71 -70 -65 -64 -63 -63 -63 -63 -62 -61 -62 -62 -62 -62 -61 -61 -62 -61 -62 -62 -62 -61 -59 -58 -57 -56 -57 -57 -57 -57 -58 -56 -55 -100 -54 -52 -52 -62 -69 -63 -63 -64 -64 -64 -66 -66 -66 -67 -66 -67 -67 -67 -66 -66 -65 -64 -64 -64 -65 -66 -67 -68 -67 -64 -64 -64 -62 -64 -64 -64 -63 -63 -62 100 -67 -63 -62 
13 2 33 1 111 -56 -56 -56 -55 -56 -55 -54 -53 -54 -53 -54 -53 -53 -52 -52 -52 -50 -52 -49 -49 -49 -49 -50 -50 -49 -51 -51 -52 -51 -52 -52 -52 -52 -52 -53 -53 -53 -53 -53 -53 -56 -56 -56 -55 -56 -56 -57 -56 -57 -56 -55 -58 -56 -59 -57 -57 -58 -59 -62 -64 -63 -66 -68 -68 -69 -67 -67 -67 -66 -64 -64 -64 -69 -63 -63 -63 -62 -61 -61 -61 
13 2 38 1 111 -54 -54 -54 -54 -53 -53 -53 -52 -52 -49 -49 -49 -49 -49 -49 -49 -48 -51 -47 -50 -50 -50 -50 -49 -48 -48 -49 -49 -49 -49 -49 -49 -49 -48 -49 -49 -49 -49 -50 -49 -54 -54 -54 -56 -56 -56 -57 -57 -56 -57 -57 -57 -56 -58 -58 -59 -59 -60 -60 -61 -62 -63 -64 -63 -64 -66 -67 -64 -63 -64 -64 -64 -64 -62 -65 -63 -63 -62 -61 -60 
13 2 42 1 111 -54 -55 -54 -54 -53 -54 -53 -52 -53 -49 -50 -49 -49 -49 -49 -49 -49 -48 -48 -48 -50 -51 -48 -49 -49 -49 -49 -49 -48 -49 -49 -48 -100 -49 -49 -49 -49 -49 -49 -50 -56 -55 -55 -56 -56 -56 -57 -56 -57 -56 -56 -56 -57 -58 -58 -58 -59 -59 -61 -63 -65 -63 -64 -65 -66 -67 -67 -67 -65 -64 -64 -63 100 -64 -63 -63 -62 -62 -61 -61 
13 2 47 1 111 -55 -55 -55 -55 -54 -54 -54 -53 -53 -53 -53 -52 -53 -52 -52 -50 -50 -49 -49 -49 -49 -50 -50 -51 -52 -52 -53 -52 -53 -53 -53 -52 -52 -53 -53 -54 -53 -53 -53 -53 -56 -56 -56 -56 -57 -56 -56 -56 -57 -58 -57 -58 -58 -59 -59 -60 -61 -61 -62 -64 -64 -63 -63 -63 -65 -66 -66 -66 -66 -64 -64 -64 -64 -64 -64 -62 -66 -64 -63 -63 
13 2 52 1 111 -54 -55 -55 -54 -53 -54 -53 -54 -53 -52 -52 -52 -51 -50 -49 -49 -50 -49 -49 -49 -49 -49 -49 -49 -49 -50 -49 -49 -50 -50 -51 -51 -50 -52 -53 -52 -51 -52 -53 -53 -57 -56 -57 -57 -57 -57 -57 -57 -57 -58 -58 -59 -59 -59 -60 -60 -61 -62 -63 -64 -63 -64 -65 -67 -66 -66 -67 -65 -66 -65 -64 -63 -65 -64 -63 -63 -63 -62 -61 -61 
13 2 56 1 111 -54 -56 -57 -55 -53 -54 -54 -53 -51 -53 -54 -53 -52 -51 -50 -49 -49 -50 -49 -49 -49 -49 -49 -50 -50 -50 -50 -51 -49 -50 -51 -50 -50 -51 -51 -49 -52 -53 -53 -52 -57 -56 -56 -56 -57 -56 -56 -56 -58 -58 -57 -57 -58 -59 -59 -59 -61 -61 -62 -64 -64 -64 -65 -66 -65 -67 -67 -64 -67 -66 -63 -64 -63 -64 -64 -63 -62 -61 -62 -61 
13 3 1 1 111 -56 -56 -55 -55 -54 -54 -54 -53 -53 -54 -53 -54 -52 -52 -52 -50 -50 -50 -48 -49 -48 -49 -48 -49 -49 -49 -50 -50 -50 -50 -52 -49 -50 -51 -51 -51 -52 -53 -52 -53 -57 -56 -57 -56 -56 -57 -57 -57 -57 -57 -57 -58 -58 -58 -59 -59 -59 -60 -62 -63 -64 -63 -63 -64 -65 -66 -65 -65 -64 -64 -63 -63 -62 -64 -64 -63 -62 -62 -62 -61 
13 3 6 1 111 -55 -55 -55 -55 -54 -54 -53 -53 -53 -53 -52 -52 -52 -50 -49 -49 -49 -49 -49 -49 -49 -49 -49 -49 -49 -49 -49 -49 -50 -49 -50 -50 -50 -49 -50 -52 -49 -51 -52 -53 -57 -56 -56 -57 -56 -57 -57 -56 -57 -57 -57 -57 -59 -58 -59 -61 -60 -62 -63 -64 -66 -63 -64 -65 -66 -67 -66 -65 -65 -64 -63 -66 -64 -63 -63 -61 -61 -61 -60 -60 
13 3 10 1 111 -55 -55 -55 -55 -54 -54 -53 -53 -53 -53 -52 -53 -52 -51 -50 -49 -49 -49 -49 -49 -49 -49 -49 -49 -49 -49 -50 -50 -49 -100 -50 -50 -50 -50 -50 -100 -51 -53 -52 -52 -57 -57 -56 -57 -57 -57 -57 -57 -57 -57 -58 -58 -58 -59 -59 -60 -60 -61 -63 -64 -63 -64 -64 -66 -66 -66 -66 -66 -64 100 -64 -63 -69 -63 -63 100 -62 -61 -61 -60 
13 3 15 1 111 -55 -55 -55 -55 -54 -54 -54 -54 -53 -52 -53 -52 -52 -52 -52 -50 -50 -49 -50 -50 -49 -49 -49 -49 -52 -50 -51 -51 -51 -52 -52 -52 -51 -52 -52 -52 -53 -53 -53 -53 -58 -58 -57 -58 -57 -58 -57 -57 -58 -58 -58 -58 -59 -59 -60 -61 -61 -62 -64 -63 -63 -64 -64 -65 -65 -64 -64 -64 -63 -63 -63 -68 -64 -63 -64 -63 -62 -62 -61 -60 
13 3 20 1 111 -55 -56 -56 -54 -54 -54 -53 -53 -53 -53 -53 -52 -52 -51 -50 -50 -49 -50 -49 -49 -49 -50 -49 -49 -49 -50 -50 -49 -51 -50 -50 -51 -50 -51 -51 -52 -52 -53 -53 -53 -57 -57 -57 -57 -57 -58 -57 -57 -58 -58 -58 -59 -58 -59 -59 -60 -61 -62 -63 -62 -63 -65 -66 -67 -67 -67 -66 -65 -66 -64 -64 -63 -63 -62 -64 -64 -63 -63 -62 -62 
13 3 24 1 111 -55 -55 -54 -54 -54 -53 -52 -53 -53 -53 -51 -52 -52 -49 -49 -49 -49 -49 -48 -49 -49 -48 -49 -49 -49 -49 -49 -49 -49 -50 -50 -49 -49 -51 -52 -51 -52 -52 -53 -53 -56 -57 -56 -56 -56 -56 -57 -56 -57 -58 -57 -58 -58 -58 -59 -59 -60 -61 -63 -63 -64 -65 -62 -64 -63 -63 -64 -63 -63 -67 -69 -64 -64 -64 -64 -62 -62 -61 -61 -59 
13 3 29 1 111 -55 -56 -55 -55 -54 -54 -53 -53 -53 -53 -53 -53 -52 -52 -52 -50 -49 -49 -49 -49 -49 -49 -49 -49 -51 -50 -52 -51 -51 -52 -52 -52 -100 -52 -52 -52 -52 -53 -53 -53 -57 -57 -55 -56 -56 -57 -57 -60 -57 -57 -58 -59 -58 -59 -60 -60 -60 -62 -63 -64 -62 -63 -63 -64 -65 -67 -65 -64 -64 -64 -63 -63 100 -64 -64 -63 -63 -63 -61 -62 
13 3 34 1 111 -55 -56 -55 -55 -55 -54 -54 -54 -53 -54 -54 -53 -53 -53 -52 -52 -53 -50 -50 -49 -49 -49 -50 -52 -51 -52 -52 -52 -52 -52 -52 -53 -52 -53 -52 -52 -53 -53 -53 -53 -58 -56 -56 -58 -57 -57 -57 -57 -57 -57 -58 -58 -58 -59 -59 -60 -61 -60 -62 -63 -64 -62 -64 -63 -64 -66 -64 -64 -67 -64 -64 -64 -63 -63 -63 -66 -66 -64 -63 -63 
13 3 38 1 111 -55 -56 -55 -55 -54 -54 -54 -54 -53 -54 -53 -53 -53 -52 -51 -51 -50 -50 -50 -49 -49 -49 -49 -49 -49 -50 -50 -51 -52 -52 -52 -50 -52 -53 -52 -52 -52 -53 -52 -52 -58 -57 -57 -58 -56 -58 -57 -57 -57 -57 -57 -58 -57 -58 -58 -60 -60 -61 -62 -65 -63 -65 -65 -67 -68 -69 -70 -69 -68 -68 -67 -67 -66 -66 -64 -63 -63 -61 -64 -63 
13 3 43 1 111 -55 -55 -55 -55 -54 -54 -54 -53 -53 -53 -52 -52 -51 -52 -50 -50 -49 -49 -49 -49 -49 -49 -49 -49 -50 -50 -50 -51 -50 -52 -51 -53 -52 -52 -51 -53 -51 -52 -53 -53 -57 -56 -56 -57 -57 -60 -57 -57 -57 -57 -57 -57 -58 -59 -59 -61 -60 -62 -62 -63 -64 -64 -65 -62 -63 -64 -63 -63 -63 -63 -63 -63 -64 -64 -64 -62 -62 -61 -62 -62 
13 3 48 1 111 -54 -55 -55 -54 -54 -53 -53 -53 -52 -53 -52 -52 -52 -50 -49 -49 -49 -49 -49 -49 -49 -49 -48 -49 -49 -49 -49 -49 -50 -49 -49 -49 -49 -49 -51 -50 -52 -52 -52 -53 -57 -57 -56 -56 -57 -56 -57 -57 -57 -57 -57 -58 -58 -58 -59 -59 -59 -61 -62 -63 -63 -65 -62 -63 -63 -63 -63 -63 -63 -61 -64 -64 -64 -64 -63 -63 -63 -62 -62 -62 
13 3 52 1 111 -55 -56 -55 -56 -55 -55 -54 -55 -54 -53 -53 -53 -53 -53 -53 -52 -51 -50 -49 -50 -50 -49 -49 -49 -49 -49 -50 -50 -51 -49 -50 -51 -52 -53 -52 -53 -53 -53 -53 -54 -57 -56 -56 -56 -56 -56 -55 -56 -56 -56 -57 -57 -58 -58 -57 -59 -59 -61 -62 -63 -63 -64 -62 -63 -64 -63 -64 -63 -65 -64 -63 -63 -63 -62 -62 -62 -62 -62 -62 -62 
13 3 57 1 111 -55 -55 -55 -55 -54 -54 -53 -54 -53 -53 -52 -51 -50 -50 -49 -49 -49 -49 -49 -48 -49 -49 -49 -50 -49 -49 -50 -49 -50 -49 -50 -49 -52 -49 -49 -49 -50 -52 -52 -52 -56 -56 -56 -56 -56 -56 -56 -56 -57 -57 -58 -58 -56 -59 -58 -59 -59 -59 -61 -62 -62 -62 -63 -64 -64 -63 -63 -63 -63 -62 -63 -64 -64 -64 -64 -63 -63 -62 -62 -61 
13 4 2 1 111 -56 -56 -56 -55 -55 -54 -54 -54 -54 -53 -53 -53 -53 -53 -53 -53 -53 -53 -52 -53 -53 -52 -52 -53 -53 -53 -53 -52 -53 -53 -52 -53 -53 -53 -53 -53 -52 -53 -54 -52 -56 -56 -56 -56 -56 -55 -56 -56 -57 -57 -58 -57 -57 -58 -59 -59 -60 -60 -62 -62 -63 -64 -63 -64 -69 -64 -62 -64 -64 -63 -63 -63 -63 -63 -62 -62 -62 -62 -61 -61 
13 4 6 1 111 -54 -55 -55 -54 -54 -53 -53 -53 -53 -54 -53 -53 -51 -50 -50 -51 -52 -53 -50 -48 -48 -49 -49 -50 -49 -49 -49 -49 -49 -49 -49 -49 -50 -52 -52 -52 -52 -52 -51 -53 -56 -56 -57 -56 -56 -56 -56 -56 -56 -56 -57 -56 -57 -58 -58 -59 -60 -59 -60 -61 -63 -64 -64 -63 -63 -63 -64 -69 -63 -64 -65 -63 -63 -66 -64 -63 -63 -63 -64 -63 
13 4 11 1 111 -55 -56 -55 -55 -54 -54 -54 -53 -53 -53 -53 -53 -53 -52 -53 -51 -50 -49 -50 -49 -52 -49 -50 -49 -50 -51 -52 -52 -50 -51 -52 -52 -50 -50 -51 -52 -51 -53 -53 -52 -57 -56 -56 -56 -57 -57 -57 -58 -58 -59 -58 -58 -59 -59 -60 -61 -60 -62 -63 -63 -65 -65 -62 -63 -63 -64 -63 -63 -62 -63 -67 -65 -64 -64 -63 -64 -62 -63 -62 -62 
13 4 16 1 111 -56 -57 -57 -56 -55 -55 -55 -55 -54 -54 -54 -53 -54 -53 -52 -52 -51 -51 -49 -49 -49 -49 -50 -49 -49 -50 -49 -50 -49 -50 -49 -49 -49 -49 -49 -50 -50 -50 -50 -52 -58 -56 -57 -56 -57 -57 -57 -57 -57 -57 -58 -58 -57 -58 -59 -59 -60 -61 -62 -63 -63 -64 -61 -64 -64 -64 -65 -65 -64 -62 -65 -64 -63 -63 -61 -60 -60 -60 -59 -59 
13 4 20 1 111 -55 -56 -56 -55 -54 -54 -54 -53 -53 -53 -53 -53 -52 -52 -52 -51 -50 -49 -49 -49 -49 -49 -49 -49 -100 -50 -51 -50 -50 -51 -50 -49 -50 -51 -49 -50 -51 -52 -52 -52 -57 -56 -56 -56 -57 -56 -56 -56 -56 -57 -57 -58 -58 -58 -58 -59 -60 -60 -62 -63 -65 -63 -64 -66 100 -66 -67 -66 -64 -64 -63 -67 -63 -64 -62 -62 -61 -60 -60 -59 
13 4 25 1 111 -55 -56 -56 -56 -54 -54 -54 -53 -53 -53 -53 -53 -53 -53 -52 -52 -49 -49 -49 -49 -49 -49 -49 -50 -50 -50 -49 -52 -50 -50 -49 -100 -52 -52 -52 -51 -52 -53 -53 -54 -57 -56 -56 -56 -56 -56 -56 -57 -57 -58 -57 -57 -57 -58 -59 -59 -60 -60 -62 -62 -64 -64 -63 -63 -63 -64 -64 -64 -63 -64 -63 100 -64 -64 -63 -62 -62 -62 -60 -60 
13 4 30 1 111 -55 -56 -56 -56 -55 -55 -55 -54 -54 -55 -54 -53 -53 -53 -53 -53 -52 -51 -50 -53 -50 -50 -49 -50 -52 -51 -52 -52 -52 -52 -52 -51 -52 -51 -52 -52 -52 -53 -53 -54 -57 -58 -57 -58 -57 -57 -55 -57 -57 -58 -57 -58 -58 -58 -59 -60 -61 -61 -62 -64 -64 -64 -65 -63 -63 -63 -63 -63 -63 -63 -63 -63 -63 -62 -62 -64 -63 -62 -62 -61 
13 4 34 1 111 -55 -57 -55 -56 -55 -54 -54 -54 -54 -53 -53 -53 -53 -53 -52 -51 -50 -51 -50 -49 -49 -49 -49 -52 -52 -51 -51 -52 -52 -51 -51 -51 -51 -51 -52 -52 -52 -52 -52 -53 -57 -56 -57 -56 -56 -56 -57 -57 -57 -58 -58 -58 -59 -59 -59 -59 -60 -61 -63 -65 -63 -63 -66 -65 -65 -66 -66 -66 -64 -64 -64 -63 -64 -64 -64 -62 -62 -62 -62 -61 
13 4 39 1 111 -55 -55 -55 -54 -53 -54 -54 -54 -53 -53 -52 -51 -52 -52 -53 -50 -50 -49 -49 -50 -51 -52 -49 -50 -52 -53 -52 -52 -51 -51 -52 -52 -53 -50 -52 -53 -52 -52 -53 -53 -56 -56 -57 -56 -56 -56 -56 -58 -58 -57 -57 -58 -58 -58 -60 -60 -62 -62 -62 -67 -63 -63 -63 -64 -64 -63 -65 -65 -63 -64 -67 -65 -64 -62 -63 -64 -63 -63 -63 -62 
13 4 44 1 111 -56 -56 -56 -55 -54 -54 -54 -53 -53 -53 -53 -53 -52 -53 -52 -50 -50 -49 -50 -49 -49 -49 -49 -49 -50 -49 -50 -51 -50 -51 -53 -51 -52 -50 -52 -50 -50 -53 -52 -52 -57 -57 -56 -56 -56 -56 -56 -56 -57 -56 -56 -58 -57 -58 -58 -59 -59 -59 -61 -62 -63 -64 -64 -65 -67 -65 -62 -63 -63 -63 -67 -65 -64 -64 -64 -63 -62 -62 -61 -61 
13 4 48 1 111 -53 -54 -54 -54 -53 -53 -53 -53 -53 -53 -53 -52 -53 -53 -53 -52 -50 -50 -50 -49 -50 -49 -49 -52 -52 -51 -52 -52 -52 -53 -53 -54 -54 -54 -54 -54 -55 -57 -57 -56 -54 -53 -53 -53 -53 -54 -53 -54 -54 -55 -56 -58 -57 -57 -57 -59 -58 -57 -58 -59 -61 -63 -63 -64 -66 -65 -62 -63 -64 -64 -67 -67 -65 -66 -63 -63 -67 -67 -65 -66 
13 4 53 1 111 -55 -55 -55 -56 -54 -54 -53 -54 -53 -53 -53 -53 -53 -52 -52 -52 -50 -50 -51 -50 -49 -50 -50 -52 -51 -53 -50 -52 -52 -53 -53 -52 -53 -53 -53 -53 -52 -53 -52 -53 -56 -56 -56 -56 -56 -56 -56 -56 -57 -58 -57 -58 -58 -58 -59 -60 -60 -61 -62 -63 -64 -63 -64 -64 -62 -67 -67 -64 -64 -64 -63 -63 -62 -63 -62 -61 -61 -61 -60 -60 
13 4 58 1 111 -55 -56 -56 -55 -55 -55 -55 -54 -54 -53 -53 -53 -53 -53 -52 -52 -50 -50 -49 -49 -49 -49 -49 -49 -49 -100 -50 -100 -100 -49 -50 -51 -50 -52 -50 -51 -52 -53 -53 -53 -56 -55 -56 -56 -57 -56 -56 -56 -57 -56 -58 -57 -57 -58 -58 -58 -59 -58 -59 -62 -62 -63 -63 -64 -64 100 -66 100 100 -60 -64 -64 -64 -64 -63 -63 -62 -62 -62 -62 
13 5 2 1 111 -55 -57 -56 -56 -55 -55 -54 -55 -54 -55 -54 -54 -54 -53 -53 -53 -53 -52 -52 -51 -50 -50 -50 -51 -51 -51 -52 -51 -52 -52 -100 -50 -51 -52 -52 -52 -52 -53 -53 -53 -56 -55 -55 -55 -55 -54 -55 -56 -56 -56 -57 -56 -57 -56 -58 -58 -59 -60 -61 -62 -63 -63 -64 -62 -63 -63 -63 -64 -63 -62 100 -64 -63 -63 -62 -62 -62 -62 -59 -60 
13 5 7 1 111 -56 -57 -55 -56 -55 -55 -54 -54 -54 -54 -54 -54 -53 -54 -53 -53 -53 -52 -53 -53 -52 -52 -53 -53 -54 -53 -53 -53 -54 -53 -53 -54 -53 -54 -54 -53 -54 -54 -54 -54 -57 -57 -57 -57 -57 -58 -58 -58 -58 -59 -59 -59 -59 -60 -60 -61 -62 -62 -63 -62 -64 -63 -65 -65 -65 -66 -68 -65 -64 -64 -63 -63 -62 -62 -63 -62 -61 -60 -61 -60 
13 5 12 1 111 -56 -56 -55 -55 -54 -54 -55 -54 -53 -53 -53 -53 -53 -52 -53 -52 -50 -49 -49 -49 -51 -100 -48 -48 -50 -50 -48 -48 -48 -50 -50 -49 -49 -49 -49 -49 -50 -50 -51 -52 -57 -57 -57 -57 -57 -57 -58 -58 -58 -58 -58 -58 -59 -58 -59 -59 -60 -61 -62 -63 -64 100 -63 -63 -63 -63 -64 -64 -63 -63 -62 -62 -62 -62 -62 -61 -61 -60 -59 -59 
13 5 16 1 111 -57 -56 -57 -57 -58 -57 -55 -55 -56 -56 -56 -55 -55 -55 -54 -53 -52 -50 -52 -49 -48 -49 -53 -51 -49 -48 -49 -49 -52 -50 -50 -49 -50 -52 -53 -53 -53 -53 -54 -54 -57 -57 -60 -60 -58 -56 -57 -61 -63 -60 -58 -58 -61 -61 -58 -58 -60 -65 -65 -62 -62 -64 -83 -62 -59 -59 -63 -68 -78 -66 -63 -62 -62 -63 -67 -72 -68 -63 -63 -63 
13 5 21 1 111 -55 -56 -56 -56 -55 -55 -54 -54 -54 -53 -53 -52 -49 -49 -49 -48 -48 -50 -50 -51 -50 -50 -49 -50 -49 -50 -49 -49 -48 -48 -48 -50 -50 -50 -50 -50 -50 -49 -49 -49 -54 -54 -55 -55 -55 -55 -55 -56 -55 -56 -55 -56 -56 -56 -57 -56 -57 -57 -59 -61 -60 -62 -62 -62 -63 -63 -63 -62 -62 -61 -61 -60 -60 -60 -60 -59 -59 -58 -58 -59 
13 5 26 1 111 -55 -56 -57 -56 -56 -55 -55 -54 -53 -53 -53 -53 -53 -53 -53 -53 -53 -51 -50 -49 -49 -48 -48 -49 -51 -48 -49 -48 -49 -49 -52 -52 -52 -52 -52 -52 -52 -51 -52 -49 -59 -58 -58 -58 -58 -57 -56 -56 -54 -56 -56 -57 -58 -59 -60 -60 -60 -60 -61 -61 -61 -62 -62 -64 -63 -64 -65 -64 -66 -64 -63 -62 -64 -63 -62 -61 -62 -61 -61 -60 
13 5 30 1 111 -55 -55 -55 -54 -54 -54 -54 -53 -54 -54 -54 -53 -52 -51 -50 -50 -49 -50 -50 -52 -51 -53 -53 -51 -52 -53 -53 -53 -53 -53 -54 -54 -54 -53 -54 -53 -54 -53 -54 -54 -60 -59 -59 -59 -59 -58 -59 -58 -58 -57 -58 -59 -60 -61 -62 -63 -64 -64 -64 -63 -63 -62 -63 -63 -64 -63 -63 -62 -62 -61 -60 -60 -59 -61 -60 -60 -59 -59 -59 -59 
13 5 35 1 111 -55 -55 -55 -55 -54 -54 -54 -53 -53 -53 -53 -52 -53 -52 -52 -53 -50 -51 -49 -49 -49 -50 -50 -50 -51 -52 -52 -52 -52 -53 -53 -53 -53 -53 -52 -53 -53 -53 -53 -53 -56 -56 -56 -56 -57 -57 -57 -57 -58 -57 -57 -58 -58 -58 -59 -59 -59 -61 -61 -62 -62 -63 -64 -64 -64 -64 -64 -64 -64 -64 -63 -63 -62 -62 -62 -61 -60 -60 -60 -60 
13 5 40 1 111 -55 -55 -55 -55 -54 -54 -54 -54 -53 -54 -53 -53 -53 -53 -52 -50 -49 -49 -49 -50 -49 -49 -50 -52 -50 -50 -52 -51 -52 -52 -53 -53 -53 -52 -53 -52 -53 -53 -53 -53 -57 -56 -56 -56 -56 -57 -59 -57 -57 -57 -58 -58 -59 -59 -59 -60 -60 -61 -61 -62 -61 -62 -63 -64 -63 -66 -64 -64 -63 -63 -63 -62 -62 -62 -61 -61 -62 -62 -61 -60 
13 5 44 1 111 -54 -55 -55 -55 -54 -53 -53 -53 -53 -52 -52 -51 -50 -52 -50 -49 -49 -50 -49 -49 -49 -49 -49 -49 -49 -49 -51 -51 -53 -50 -50 -50 -52 -52 -50 -51 -52 -52 -52 -51 -56 -56 -56 -57 -57 -56 -57 -57 -58 -57 -58 -58 -58 -58 -59 -60 -61 -61 -62 -63 -63 -64 -64 -64 -65 -65 -63 -64 -64 -63 -64 -63 -62 -61 -62 -62 -61 -61 -59 -61 
13 5 49 1 111 -55 -55 -55 -54 -53 -53 -53 -53 -52 -52 -50 -49 -52 -49 -48 -50 -50 -50 -50 -49 -49 -49 -49 -50 -50 -48 -49 -50 -53 -53 -52 -53 -53 -54 -56 -57 -59 -59 -61 -61 -56 -56 -58 -57 -56 -55 -53 -54 -56 -56 -55 -55 -55 -57 -59 -60 -59 -58 -59 -60 -62 -63 -63 -63 -64 -63 -63 -63 -63 -64 -62 -64 -64 -62 -62 -61 -62 -63 -62 -62 
13 5 54 1 111 -53 -55 -55 -55 -55 -55 -54 -53 -53 -53 -53 -53 -52 -49 -51 -49 -49 -49 -49 -52 -52 -53 -53 -53 -53 -53 -53 -53 -53 -54 -54 -53 -54 -53 -53 -53 -54 -53 -53 -53 -55 -55 -55 -57 -57 -57 -57 -57 -57 -57 -57 -57 -57 -57 -55 -58 -60 -61 -64 -64 -65 -66 -65 -64 -64 -63 -67 -64 -64 -64 -63 -63 -63 -63 -62 -62 -62 -61 -61 -60 
13 5 58 1 111 -55 -100 -55 -55 -53 -54 -54 -53 -53 -52 -52 -49 -49 -49 -49 -48 -50 -50 -50 -50 -51 -48 -48 -49 -49 -49 -49 -49 -49 -49 -49 -49 -50 -52 -52 -52 -52 -52 -52 -51 -57 100 -57 -57 -57 -57 -57 -58 -58 -59 -59 -59 -59 -59 -59 -60 -60 -60 -62 -62 -63 -64 -63 -64 -63 -63 -64 -63 -63 -63 -62 -62 -61 -61 -61 -60 -60 -59 -59 -58 
13 6 3 1 111 -56 -56 -55 -55 -54 -55 -54 -54 -54 -52 -53 -53 -53 -53 -53 -53 -49 -49 -49 -49 -49 -52 -52 -52 -53 -53 -53 -52 -52 -52 -52 -52 -53 -53 -53 -53 -53 -53 -53 -53 -57 -57 -56 -57 -56 -57 -58 -58 -59 -58 -58 -58 -60 -59 -60 -60 -60 -60 -62 -64 -62 -64 -63 -66 -66 -63 -64 -68 -62 -67 -64 -63 -63 -62 -62 -62 -61 -61 -61 -60 
13 6 8 1 111 -55 -56 -55 -55 -55 -54 -55 -54 -53 -53 -53 -53 -53 -52 -53 -52 -51 -49 -50 -50 -49 -49 -50 -50 -52 -52 -52 -53 -52 -52 -52 -52 -52 -52 -52 -53 -53 -53 -53 -53 -56 -56 -56 -55 -56 -56 -56 -57 -57 -57 -57 -58 -58 -58 -59 -59 -60 -60 -61 -62 -63 -63 -64 -63 -64 -64 -64 -64 -63 -63 -63 -62 -62 -61 -61 -61 -61 -60 -60 -59 
13 6 12 1 111 -55 -55 -55 -55 -54 -54 -54 -53 -53 -53 -53 -53 -53 -52 -53 -53 -50 -50 -50 -52 -49 -50 -50 -52 -51 -52 -53 -52 -52 -53 -52 -53 -52 -52 -52 -52 -53 -53 -53 -53 -56 -55 -56 -56 -56 -56 -57 -56 -56 -57 -56 -58 -58 -58 -58 -59 -59 -59 -60 -61 -62 -62 -62 -62 -63 -62 -62 -62 -62 -62 -61 -61 -61 -60 -59 -60 -59 -59 -59 -59 
13 6 17 1 111 -55 -55 -55 -55 -54 -53 -54 -54 -53 -53 -53 -53 -53 -51 -53 -52 -49 -49 -50 -50 -49 -50 -49 -51 -51 -52 -52 -52 -52 -53 -52 -52 -53 -52 -53 -53 -53 -54 -53 -53 -56 -56 -56 -57 -56 -56 -57 -57 -57 -58 -58 -58 -58 -58 -59 -60 -60 -61 -62 -62 -63 -62 -63 -64 -64 -63 -64 -63 -63 -63 -62 -62 -62 -61 -61 -61 -60 -60 -60 -59 
13 6 22 1 111 -55 -56 -56 -55 -54 -54 -53 -54 -53 -53 -53 -54 -53 -53 -53 -52 -49 -52 -49 -49 -49 -50 -49 -52 -52 -51 -51 -52 -52 -52 -52 -52 -53 -52 -52 -53 -53 -52 -52 -53 -57 -56 -57 -56 -56 -56 -57 -57 -57 -58 -58 -58 -58 -58 -60 -59 -60 -60 -62 -62 -62 -63 -64 -64 -64 -64 -64 -63 -63 -63 -63 -63 -62 -62 -61 -60 -61 -60 -60 -60 
