13 27 32 1 111 -54 -55 -55 -55 -54 -54 -53 -54 -53 -53 -53 -53 -52 -52 -52 -52 -49 -49 -49 -49 -100 -100 -50 -49 -50 -51 -50 -52 -51 -53 -52 -53 -52 -52 -52 -52 -52 -53 -52 -53 -58 -56 -56 -57 -57 -56 -57 -57 -57 -58 -58 -58 -58 -58 -59 -59 -59 -60 -60 -61 100 100 -64 -64 -64 -61 -62 -63 -62 -63 -68 -65 -67 -64 -64 -63 -63 -63 -63 -61 
13 27 36 1 111 -55 -56 -56 -55 -54 -55 -54 -54 -53 -53 -53 -53 -53 -52 -52 -52 -52 -52 -50 -50 -49 -50 -50 -52 -52 -52 -52 -53 -52 -52 -52 -52 -52 -52 -53 -53 -53 -53 -53 -53 -57 -56 -56 -56 -56 -57 -56 -58 -58 -57 -57 -58 -58 -58 -58 -59 -59 -59 -61 -62 -61 -62 -62 -63 -63 -63 -63 -63 -64 -64 -64 -63 -63 -63 -63 -63 -63 -62 -62 -62 
13 27 41 1 111 -54 -55 -55 -54 -55 -55 -54 -54 -54 -53 -53 -53 -53 -51 -50 -49 -49 -49 -48 -49 -49 -49 -49 -49 -49 -49 -50 -50 -50 -49 -49 -50 -50 -50 -50 -52 -51 -53 -53 -53 -56 -55 -55 -55 -57 -55 -56 -56 -56 -56 -56 -56 -58 -57 -57 -58 -58 -59 -59 -59 -61 -61 -60 -62 -62 -62 -63 -62 -63 -63 -62 -63 -62 -63 -63 -62 -63 -62 -62 -61 
13 27 46 1 111 -54 -55 -56 -55 -54 -54 -54 -53 -53 -53 -53 -53 -53 -52 -52 -52 -50 -50 -49 -49 -49 -49 -49 -50 -50 -50 -50 -49 -52 -52 -53 -53 -52 -53 -52 -53 -53 -53 -53 -53 -55 -56 -56 -55 -56 -56 -56 -56 -56 -57 -57 -58 -57 -57 -58 -58 -59 -59 -60 -61 -60 -62 -62 -62 -62 -63 -63 -62 -63 -62 -63 -63 -62 -63 -62 -62 -63 -61 -62 -63 
13 27 50 1 111 -55 -56 -55 -55 -54 -54 -54 -53 -54 -53 -53 -53 -53 -52 -52 -51 -50 -49 -49 -49 -49 -49 -50 -49 -49 -51 -49 -50 -50 -52 -51 -50 -52 -52 -52 -52 -50 -53 -53 -53 -56 -55 -55 -55 -54 -55 -56 -56 -56 -56 -56 -56 -55 -58 -57 -59 -58 -59 -60 -60 -62 -62 -62 -63 -63 -63 -64 -64 -64 -64 -64 -64 -64 -64 -65 -64 -64 -62 -63 -63 
13 27 55 1 111 -55 -56 -55 -55 -55 -54 -54 -54 -53 -53 -53 -53 -53 -53 -53 -52 -51 -50 -49 -49 -49 -50 -49 -50 -49 -50 -50 -50 -53 -52 -100 -51 -51 -52 -52 -53 -53 -54 -53 -53 -57 -56 -57 -56 -57 -56 -56 -56 -57 -57 -57 -58 -57 -57 -58 -58 -59 -60 -60 -62 -62 -63 -63 -63 -67 -62 -62 -63 -63 -63 100 -67 -65 -65 -64 -64 -63 -64 -63 -63 
13 28 0 1 111 -54 -55 -55 -55 -54 -54 -53 -53 -53 -53 -53 -53 -52 -52 -50 -51 -50 -50 -51 -51 -49 -49 -49 -49 -51 -50 -50 -50 -51 -52 -52 -52 -51 -52 -52 -53 -53 -53 -54 -53 -57 -56 -56 -56 -56 -56 -56 -57 -57 -57 -57 -57 -58 -58 -58 -59 -59 -60 -61 -61 -62 -62 -63 -64 -64 -68 -64 -65 -64 -63 -64 -61 -64 -64 -64 -63 -63 -63 -62 -62 
13 28 4 1 111 -54 -55 -55 -55 -55 -54 -54 -53 -54 -54 -53 -53 -53 -52 -51 -52 -49 -49 -49 -49 -49 -50 -50 -49 -50 -49 -50 -52 -52 -51 -52 -52 -100 -52 -52 -53 -53 -53 -53 -53 -56 -56 -56 -56 -57 -56 -56 -57 -57 -57 -57 -58 -58 -58 -58 -59 -60 -60 -61 -62 -63 -64 -63 -64 -62 -63 -62 -63 -64 -63 -63 -63 100 -66 -65 -65 -64 -64 -63 -63 
13 28 9 1 111 -54 -55 -54 -54 -54 -54 -53 -54 -53 -53 -52 -52 -52 -52 -50 -50 -49 -49 -49 -49 -49 -49 -49 -50 -50 -50 -49 -49 -49 -49 -50 -49 -50 -53 -51 -52 -52 -53 -53 -53 -56 -55 -55 -56 -55 -56 -56 -56 -56 -57 -57 -57 -57 -58 -58 -58 -59 -60 -60 -61 -62 -62 -63 -63 -64 -65 -64 -64 -64 -68 -66 -69 -65 -64 -64 -63 -63 -63 -63 -62 
13 28 14 1 111 -54 -55 -55 -54 -53 -53 -53 -53 -53 -52 -52 -52 -50 -49 -49 -49 -49 -49 -50 -49 -49 -49 -49 -49 -50 -49 -49 -52 -49 -52 -50 -50 -52 -52 -52 -52 -52 -52 -53 -53 -56 -55 -56 -56 -56 -55 -56 -56 -57 -57 -57 -58 -59 -58 -59 -59 -59 -60 -62 -63 -63 -63 -63 -64 -64 -72 -65 -64 -64 -64 -64 -63 -64 -63 -63 -63 -62 -62 -62 -62 
13 28 18 1 111 -54 -56 -55 -54 -54 -54 -54 -53 -53 -53 -53 -53 -50 -52 -50 -49 -49 -49 -50 -48 -48 -48 -50 -49 -49 -49 -50 -49 -49 -49 -49 -49 -100 -49 -51 -52 -51 -52 -52 -52 -56 -55 -56 -56 -55 -56 -56 -56 -56 -56 -57 -57 -57 -58 -58 -58 -59 -60 -60 -62 -62 -63 -65 -64 -62 -62 -66 -63 -63 -62 -63 -62 100 -64 -64 -63 -64 -63 -62 -62 
13 28 23 1 111 -54 -55 -54 -55 -55 -53 -54 -53 -53 -53 -52 -53 -51 -52 -50 -49 -49 -49 -49 -49 -49 -48 -49 -49 -49 -49 -49 -50 -49 -49 -49 -50 -49 -50 -49 -50 -49 -52 -51 -52 -56 -56 -56 -56 -56 -56 -56 -56 -56 -57 -58 -57 -57 -58 -58 -58 -59 -60 -61 -62 -62 -63 -63 -63 -64 -64 -64 -65 -64 -64 -64 -64 -63 -63 -63 -62 -62 -62 -62 -61 
13 28 28 1 111 -54 -55 -55 -55 -54 -53 -53 -53 -53 -52 -53 -52 -52 -50 -50 -49 -49 -49 -49 -49 -48 -49 -49 -49 -49 -49 -50 -51 -50 -49 -49 -50 -50 -50 -50 -51 -51 -52 -52 -52 -55 -56 -56 -56 -56 -56 -56 -56 -56 -57 -56 -57 -57 -58 -58 -58 -59 -59 -60 -61 -62 -63 -63 -64 -67 -60 -63 -61 -67 -61 -63 -66 -64 -64 -64 -63 -63 -63 -62 -62 
13 28 32 1 111 -54 -55 -55 -55 -55 -54 -54 -54 -54 -53 -53 -53 -52 -52 -50 -51 -50 -49 -49 -49 -49 -49 -49 -49 -49 -49 -49 -49 -50 -49 -50 -50 -50 -49 -50 -53 -50 -51 -52 -53 -56 -55 -55 -56 -56 -55 -55 -55 -56 -56 -57 -56 -57 -57 -57 -57 -59 -59 -60 -60 -61 -62 -63 -64 -64 -63 -64 -63 -63 -62 -64 -63 -63 -63 -63 -63 -68 -67 -64 -64 
13 28 37 1 111 -54 -56 -55 -55 -55 -54 -53 -54 -53 -53 -53 -53 -52 -51 -52 -50 -49 -50 -49 -49 -49 -49 -50 -49 -50 -49 -49 -49 -50 -50 -52 -52 -51 -53 -53 -53 -51 -53 -53 -53 -57 -56 -56 -57 -57 -56 -57 -57 -57 -57 -57 -58 -57 -58 -59 -59 -60 -60 -62 -63 -63 -64 -68 -65 -63 -63 -64 -63 -65 -63 -63 -64 -62 -63 -68 -64 -64 -64 -64 -64 
13 28 42 1 111 -55 -56 -55 -54 -54 -54 -53 -54 -53 -53 -53 -53 -53 -53 -52 -50 -49 -51 -49 -49 -50 -49 -49 -50 -49 -49 -49 -49 -49 -50 -50 -52 -51 -51 -51 -50 -52 -52 -53 -53 -56 -55 -55 -56 -55 -55 -54 -56 -54 -56 -56 -57 -56 -57 -57 -57 -58 -59 -59 -60 -61 -61 -62 -63 -63 -64 -64 -62 -64 -62 -68 -65 -66 -63 -64 -63 -63 -64 -63 -63 
13 28 46 1 111 -54 -56 -55 -55 -55 -54 -54 -53 -53 -53 -53 -53 -52 -52 -52 -50 -50 -49 -49 -49 -49 -49 -49 -50 -49 -52 -49 -52 -50 -50 -52 -51 -52 -52 -52 -53 -52 -53 -53 -53 -55 -55 -54 -56 -54 -54 -56 -56 -57 -57 -57 -57 -57 -57 -58 -59 -59 -60 -61 -62 -62 -64 -64 -63 -64 -64 -64 -63 -64 -64 -63 -63 -63 -63 -67 -64 -64 -63 -63 -63 
13 28 51 1 111 -54 -56 -55 -55 -55 -54 -55 -54 -54 -53 -54 -53 -53 -53 -52 -52 -52 -52 -49 -50 -50 -51 -49 -51 -51 -50 -51 -52 -52 -52 -52 -52 -52 -53 -53 -53 -53 -53 -53 -54 -58 -57 -57 -57 -58 -56 -58 -56 -58 -57 -58 -58 -59 -59 -59 -60 -60 -61 -62 -63 -64 -63 -64 -65 -66 -67 -67 -66 -67 -66 -65 -64 -64 -64 -63 -64 -64 -63 -63 -63 
13 28 56 1 111 -55 -56 -55 -55 -55 -55 -54 -53 -53 -54 -53 -53 -53 -53 -52 -51 -50 -50 -49 -49 -49 -49 -49 -49 -49 -49 -50 -49 -49 -50 -49 -49 -49 -50 -52 -52 -52 -53 -52 -53 -57 -56 -56 -56 -56 -56 -56 -56 -57 -56 -57 -57 -57 -58 -59 -59 -59 -60 -61 -62 -63 -63 -64 -64 -60 -69 -63 -62 -63 -63 -63 -62 -61 -68 -64 -64 -64 -63 -63 -63 
13 29 0 1 111 -54 -55 -55 -55 -54 -54 -54 -53 -53 -53 -53 -53 -53 -52 -51 -52 -52 -50 -49 -49 -49 -49 -51 -52 -51 -52 -52 -52 -53 -100 -53 -53 -53 -53 -53 -53 -53 -53 -54 -53 -57 -56 -57 -56 -57 -57 -57 -57 -58 -58 -58 -58 -59 -59 -60 -60 -60 -60 -62 -62 -63 -63 -64 -65 -68 -61 -63 -62 -66 100 -67 -64 -64 -64 -63 -63 -62 -63 -62 -62 
13 29 5 1 111 -54 -56 -55 -56 -55 -54 -54 -53 -54 -53 -53 -54 -53 -52 -52 -53 -51 -49 -49 -50 -50 -100 -49 -50 -52 -52 -52 -52 -53 -53 -52 -52 -53 -52 -53 -53 -53 -53 -54 -54 -57 -57 -57 -57 -57 -57 -57 -57 -58 -57 -58 -58 -58 -59 -60 -60 -60 -61 -62 -63 -64 100 -62 -63 -64 -64 -64 -64 -64 -64 -63 -63 -63 -63 -67 -64 -64 -63 -65 -63 
13 29 10 1 111 -54 -55 -55 -54 -54 -54 -53 -54 -53 -53 -53 -53 -53 -52 -51 -50 -49 -50 -49 -50 -49 -49 -50 -49 -49 -52 -50 -50 -52 -52 -100 -52 -51 -51 -53 -52 -53 -54 -53 -54 -56 -56 -56 -56 -56 -56 -56 -56 -57 -57 -57 -57 -58 -58 -58 -59 -59 -60 -61 -62 -63 -63 -64 -68 -62 -63 -63 -63 -63 -63 100 -62 -68 -63 -64 -64 -64 -63 -63 -63 
13 29 14 1 111 -54 -56 -55 -55 -54 -54 -53 -54 -53 -53 -53 -53 -52 -52 -50 -50 -50 -49 -49 -51 -50 -49 -49 -49 -50 -50 -50 -50 -52 -53 -52 -52 -52 -53 -53 -100 -53 -53 -53 -53 -57 -57 -56 -56 -57 -56 -56 -57 -57 -57 -57 -58 -58 -58 -59 -59 -60 -61 -62 -64 -64 -61 -63 -64 -64 -64 -65 -65 -67 -65 -63 -63 -63 -65 -64 100 -64 -64 -63 -62 
13 29 19 1 111 -54 -56 -55 -55 -55 -54 -54 -54 -53 -53 -53 -53 -53 -52 -51 -52 -49 -49 -49 -49 -49 -49 -52 -49 -51 -51 -52 -52 -52 -52 -52 -53 -53 -52 -53 -53 -53 -53 -54 -53 -57 -57 -57 -57 -57 -58 -58 -57 -58 -58 -58 -58 -59 -58 -60 -60 -60 -61 -62 -63 -64 -64 -63 -63 -64 -64 -64 -64 -63 -63 -63 -62 -64 -64 -64 -64 -63 -62 -62 -62 
13 29 24 1 111 -55 -55 -56 -56 -54 -55 -54 -53 -53 -53 -52 -52 -52 -51 -53 -50 -49 -50 -49 -49 -50 -49 -49 -49 -49 -50 -49 -52 -51 -51 -52 -52 -52 -52 -53 -52 -53 -53 -53 -53 -57 -56 -57 -56 -57 -57 -57 -57 -57 -58 -58 -58 -59 -60 -60 -59 -60 -61 -62 -63 -64 -62 -63 -63 -64 -64 -64 -64 -63 -62 -63 -62 -64 -63 -63 -63 -63 -62 -62 -62 
13 29 28 1 111 -54 -55 -56 -55 -54 -54 -54 -54 -53 -53 -53 -52 -52 -52 -52 -50 -49 -49 -49 -49 -49 -49 -49 -50 -49 -49 -51 -52 -52 -52 -53 -53 -53 -52 -53 -53 -52 -53 -53 -53 -58 -57 -57 -57 -58 -57 -57 -58 -57 -58 -57 -58 -59 -59 -59 -59 -59 -61 -62 -63 -64 -68 -68 -63 -63 -64 -63 -63 -63 -64 -63 -63 -63 -64 -64 -63 -62 -63 -62 -61 
13 29 33 1 111 -54 -55 -55 -55 -55 -54 -53 -53 -53 -53 -53 -53 -53 -52 -51 -52 -51 -50 -51 -49 -50 -50 -50 -49 -50 -50 -49 -52 -52 -51 -51 -51 -53 -52 -52 -52 -52 -52 -53 -54 -56 -56 -56 -56 -56 -57 -57 -57 -57 -57 -57 -58 -58 -58 -58 -60 -59 -60 -61 -62 -63 -63 -63 -64 -64 -62 -67 -65 -67 -64 -64 -63 -64 -63 -63 -63 -63 -63 -62 -62 
13 29 38 1 111 -55 -56 -56 -56 -55 -54 -54 -54 -54 -54 -53 -53 -53 -53 -53 -53 -51 -52 -49 -49 -50 -49 -50 -52 -52 -52 -52 -51 -52 -52 -52 -52 -52 -53 -53 -52 -53 -53 -53 -53 -56 -56 -56 -56 -56 -56 -56 -57 -57 -57 -57 -58 -59 -59 -58 -59 -60 -60 -59 -62 -63 -64 -64 -62 -63 -63 -63 -63 -64 -64 -63 -63 -63 -63 -63 -66 -67 -65 -64 -64 
13 29 42 1 111 -55 -56 -55 -55 -55 -54 -54 -54 -53 -54 -53 -54 -53 -53 -52 -53 -50 -50 -49 -49 -49 -49 -49 -50 -49 -50 -51 -50 -52 -52 -52 -52 -52 -52 -52 -53 -54 -53 -53 -53 -57 -55 -56 -56 -56 -56 -56 -56 -57 -55 -57 -55 -58 -58 -58 -58 -59 -60 -59 -61 -62 -62 -63 -63 -64 -65 -64 -65 -64 -61 -64 -64 -64 -64 -63 -63 -63 -63 -63 -62 
13 29 47 1 111 -54 -55 -55 -55 -55 -54 -54 -54 -54 -53 -53 -53 -53 -52 -52 -50 -49 -50 -49 -49 -49 -49 -50 -50 -49 -52 -50 -51 -49 -52 -52 -51 -52 -52 -52 -52 -54 -53 -53 -53 -56 -56 -56 -56 -56 -56 -56 -56 -57 -57 -57 -57 -57 -58 -58 -58 -60 -59 -61 -62 -62 -62 -64 -64 -64 -65 -64 -63 -69 -64 -64 -64 -64 -64 -64 -64 -63 -63 -63 -62 
13 29 52 1 111 -54 -55 -55 -54 -54 -54 -53 -53 -54 -53 -53 -53 -53 -52 -51 -50 -49 -49 -49 -49 -49 -49 -49 -49 -50 -49 -49 -49 -49 -50 -50 -50 -49 -51 -51 -52 -52 -53 -52 -53 -57 -56 -56 -56 -57 -56 -56 -57 -56 -57 -57 -57 -57 -58 -59 -58 -60 -60 -60 -62 -62 -63 -64 -65 -61 -63 -63 -63 -63 -63 -63 -62 -62 -67 -64 -63 -64 -63 -63 -62 
13 29 56 1 111 -55 -55 -55 -56 -54 -54 -55 -53 -53 -53 -53 -53 -53 -52 -52 -51 -52 -49 -49 -49 -49 -49 -49 -50 -50 -49 -50 -51 -50 -51 -51 -52 -52 -52 -52 -52 -52 -53 -53 -53 -56 -56 -56 -56 -56 -57 -57 -58 -57 -57 -58 -58 -58 -59 -59 -60 -60 -60 -62 -62 -64 -64 -63 -64 -63 -64 -64 -64 -64 -65 -64 -64 -64 -63 -63 -62 -66 -64 -64 -64 
13 30 3 1 111 -54 -55 -55 -55 -54 -54 -54 -53 -52 -54 -53 -53 -52 -52 -53 -50 -49 -49 -49 -49 -49 -49 -52 -50 -49 -50 -52 -52 -50 -51 -50 -50 -52 -52 -52 -52 -52 -53 -53 -53 -56 -55 -56 -55 -56 -56 -56 -56 -56 -57 -57 -57 -57 -57 -58 -59 -58 -60 -61 -62 -62 -63 -64 -65 -63 -63 -63 -63 -63 -64 -63 -63 -63 -62 -66 -64 -64 -64 -63 -63 
13 30 8 1 111 -54 -55 -55 -54 -54 -53 -53 -53 -53 -52 -52 -53 -52 -52 -50 -51 -49 -49 -49 -49 -49 -49 -50 -50 -49 -49 -49 -50 -52 -49 -50 -52 -53 -52 -52 -53 -52 -53 -53 -53 -57 -57 -57 -57 -57 -57 -57 -58 -58 -58 -58 -59 -59 -59 -59 -60 -60 -61 -62 -62 -64 -64 -68 -63 -63 -63 -64 -63 -63 -63 -63 -62 -64 -64 -64 -64 -63 -63 -63 -63 
13 30 12 1 111 -55 -55 -55 -55 -54 -54 -53 -53 -53 -53 -53 -52 -53 -52 -50 -52 -50 -49 -49 -49 -50 -50 -49 -49 -50 -52 -53 -52 -52 -52 -51 -52 -52 -53 -53 -100 -53 -53 -53 -53 -57 -57 -57 -57 -56 -57 -57 -57 -58 -58 -58 -58 -58 -59 -59 -59 -60 -61 -62 -62 -62 -64 -64 -68 -63 -63 -63 -63 -63 -63 -65 -62 -64 -63 -64 100 -63 -63 -62 -62 
13 30 17 1 111 -54 -55 -55 -55 -54 -54 -54 -53 -53 -53 -53 -52 -100 -52 -51 -50 -51 -50 -50 -49 -49 -50 -50 -52 -51 -52 -52 -52 -52 -53 -53 -53 -53 -53 -53 -53 -53 -53 -54 -54 -57 -57 -57 -57 -57 -58 -58 -59 -57 -58 -58 -58 100 -59 -59 -60 -61 -61 -62 -63 -65 -64 -64 -63 -65 -62 -62 -66 -66 -64 -64 -64 -64 -64 -63 -63 -63 -63 -62 -62 
13 30 22 1 111 -55 -56 -56 -55 -55 -55 -54 -55 -54 -54 -53 -53 -53 -52 -53 -52 -52 -50 -49 -49 -49 -49 -50 -50 -50 -51 -52 -51 -51 -52 -52 -52 -52 -52 -52 -52 -52 -53 -54 -53 -57 -56 -56 -54 -56 -56 -56 -56 -56 -57 -58 -57 -57 -57 -58 -58 -58 -59 -60 -61 -61 -62 -62 -63 -63 -64 -63 -63 -63 -64 -63 -64 -63 -63 -63 -63 -63 -63 -62 -62 
13 30 26 1 111 -54 -56 -55 -55 -54 -54 -54 -54 -54 -53 -53 -53 -53 -52 -52 -53 -52 -50 -49 -50 -50 -49 -49 -52 -50 -52 -51 -52 -52 -52 -53 -52 -52 -53 -53 -53 -53 -53 -54 -54 -57 -56 -56 -56 -56 -56 -56 -57 -57 -57 -57 -58 -57 -58 -59 -59 -60 -60 -62 -62 -63 -63 -63 -64 -65 -64 -64 -64 -64 -64 -64 -64 -63 -63 -63 -63 -63 -63 -62 -62 
13 30 31 1 111 -54 -55 -55 -55 -54 -54 -53 -54 -53 -53 -53 -53 -53 -52 -52 -51 -49 -49 -49 -49 -49 -49 -49 -50 -49 -52 -52 -52 -51 -52 -53 -53 -53 -53 -53 -53 -53 -53 -100 -53 -57 -56 -55 -56 -57 -57 -57 -57 -57 -57 -58 -57 -58 -58 -60 -59 -60 -60 -61 -62 -63 -64 -65 -63 -63 -63 -63 -63 -63 -62 -62 -65 -66 -64 -64 -63 -64 -63 100 -62 
13 30 36 1 111 -54 -55 -54 -54 -55 -53 -54 -53 -54 -52 -53 -52 -51 -52 -49 -49 -49 -49 -49 -49 -49 -49 -49 -49 -50 -50 -51 -52 -51 -51 -53 -53 -53 -52 -52 -100 -53 -53 -53 -53 -58 -57 -58 -57 -57 -58 -59 -58 -58 -58 -59 -58 -60 -59 -60 -60 -62 -62 -63 -64 -64 -63 -63 -63 -63 -63 -63 -63 -63 -63 -65 -66 -64 -63 -63 100 -63 -63 -62 -62 
13 30 40 1 111 -54 -55 -55 -54 -53 -54 -54 -53 -54 -53 -53 -53 -52 -52 -52 -50 -52 -49 -49 -49 -49 -49 -49 -50 -50 -52 -50 -52 -52 -53 -52 -53 -53 -53 -53 -53 -54 -53 -53 -54 -57 -57 -57 -57 -57 -57 -57 -58 -58 -59 -58 -59 -59 -59 -60 -61 -61 -61 -63 -64 -67 -63 -63 -64 -64 -63 -64 -64 -64 -63 -62 -64 -66 -64 -63 -64 -63 -62 -62 -62 
13 30 45 1 111 -57 -58 -58 -58 -58 -57 -56 -55 -55 -55 -53 -52 -50 -49 -49 -49 -50 -48 -49 -49 -51 -53 -53 -53 -54 -52 -49 -49 -50 -49 -47 -49 -50 -50 -50 -48 -48 -50 -49 -53 -59 -57 -56 -56 -55 -56 -55 -53 -54 -54 -54 -55 -56 -57 -59 -60 -60 -63 -62 -65 -67 -67 -67 -65 -64 -63 -64 -65 -69 -73 -68 -64 -64 -63 -64 -63 -66 -67 -67 -67 
13 30 50 1 111 -61 -63 -62 -62 -62 -62 -62 -61 -61 -60 -60 -59 -59 -59 -59 -58 -58 -57 -58 -57 -57 -56 -56 -56 -55 -55 -55 -55 -55 -54 -55 -55 -100 -54 -54 -54 -54 -53 -54 -53 -56 -56 -56 -56 -55 -55 -54 -54 -55 -55 -56 -55 -55 -55 -55 -55 -55 -56 -57 -58 -59 -59 -59 -59 -59 -59 -60 -62 -61 -62 -61 -62 100 -61 -62 -62 -63 -63 -64 -64 
13 30 54 1 111 -62 -65 -63 -62 -62 -61 -61 -61 -60 -59 -59 -59 -59 -59 -59 -58 -57 -57 -58 -57 -56 -56 -56 -55 -55 -55 -55 -55 -55 -54 -55 -54 -54 -54 -54 -54 -53 -54 -54 -54 -56 -57 -56 -56 -55 -56 -55 -54 -55 -55 -55 -55 -56 -56 -56 -54 -56 -56 -56 -57 -58 -58 -59 -59 -59 -59 -60 -60 -60 -60 -61 -61 -61 -61 -62 -62 -62 -62 -63 -63 
13 30 59 1 111 -59 -59 -58 -58 -57 -57 -56 -56 -56 -56 -57 -58 -59 -59 -61 -61 -62 -62 -62 -62 -61 -60 -59 -59 -58 -58 -58 -57 -57 -56 -55 -56 -56 -56 -56 -55 -55 -55 -54 -54 -60 -60 -59 -57 -56 -55 -55 -54 -54 -54 -53 -54 -55 -55 -55 -56 -56 -56 -57 -58 -58 -58 -58 -58 -56 -57 -58 -57 -56 -57 -57 -58 -57 -57 -58 -58 -58 -58 -59 -60 
13 31 4 1 111 -62 -65 -63 -62 -62 -62 -61 -61 -60 -60 -59 -60 -60 -58 -58 -59 -59 -58 -58 -57 -58 -57 -57 -56 -56 -56 -55 -55 -55 -55 -55 -100 -55 -55 -54 -54 -54 -54 -55 -54 -56 -57 -57 -56 -56 -56 -56 -56 -56 -57 -56 -56 -55 -56 -56 -56 -56 -57 -57 -58 -59 -59 -59 -60 -60 -60 -60 -61 -61 -61 -60 100 -62 -62 -62 -62 -62 -63 -63 -64 
13 31 8 1 111 -63 -67 -66 -66 -62 -63 -62 -62 -61 -62 -61 -62 -62 -62 -62 -61 -59 -58 -58 -57 -58 -58 -58 -57 -56 -55 -54 -54 -54 -54 -56 -56 -55 -54 -53 -53 -53 -53 -53 -54 -55 -56 -55 -55 -55 -55 -54 -55 -55 -55 -55 -55 -54 -55 -56 -56 -56 -57 -57 -59 -60 -60 -59 -59 -58 -58 -57 -56 -55 -55 -56 -55 -55 -55 -55 -56 -57 -59 -60 -61 
13 31 13 1 111 -54 -54 -54 -54 -53 -53 -53 -53 -53 -53 -53 -53 -53 -53 -53 -53 -53 -53 -53 -53 -53 -53 -53 -54 -54 -55 -55 -56 -56 -57 -58 -58 -59 -60 -61 -62 -62 -62 -62 -62 -53 -54 -53 -54 -54 -53 -54 -54 -53 -53 -53 -51 -53 -53 -50 -50 -50 -49 -50 -49 -51 -51 -51 -49 -51 -49 -51 -51 -51 -51 -49 -50 -50 -50 -50 -50 -53 -53 -53 -54 
13 31 18 1 111 -57 -55 -55 -55 -55 -54 -54 -54 -54 -54 -54 -54 -54 -55 -54 -54 -55 -55 -55 -56 -56 -56 -57 -58 -58 -58 -59 -59 -60 -61 -61 -61 -61 -62 -62 -62 -62 -61 -62 -62 -57 -57 -57 -58 -57 -58 -58 -58 -58 -57 -57 -58 -58 -57 -57 -58 -58 -58 -58 -58 -57 -57 -58 -57 -58 -57 -58 -57 -57 -57 -57 -57 -57 -57 -56 -57 -56 -57 -56 -57 
13 31 22 1 111 -55 -55 -55 -55 -55 -55 -55 -54 -54 -54 -54 -55 -55 -54 -55 -55 -100 -56 -56 -56 -55 -56 -56 -57 -57 -58 -59 -60 -59 -60 -59 -59 -60 -60 -60 -61 -62 -63 -63 -62 -57 -58 -59 -59 -59 -59 -59 -60 -60 -60 -60 -60 -59 -60 -60 -60 100 -58 -58 -57 -59 -58 -58 -57 -59 -59 -59 -58 -58 -57 -57 -57 -57 -57 -57 -55 -56 -57 -57 -57 
13 31 27 1 111 -55 -55 -56 -55 -55 -54 -54 -54 -54 -54 -54 -54 -53 -54 -54 -54 -54 -55 -54 -54 -54 -55 -56 -56 -57 -58 -58 -58 -58 -59 -59 -59 -59 -59 -59 -59 -59 -61 -61 -61 -57 -56 -56 -57 -57 -57 -57 -58 -58 -58 -57 -58 -58 -57 -57 -58 -57 -58 -57 -56 -57 -57 -58 -58 -58 -58 -58 -57 -57 -58 -58 -58 -58 -58 -58 -58 -58 -58 -58 -58 
13 31 32 1 111 -58 -57 -57 -56 -55 -55 -54 -54 -54 -100 -54 -54 -54 -54 -55 -54 -54 -55 -55 -55 -55 -55 -55 -56 -56 -57 -58 -59 -59 -59 -59 -59 -60 -60 -61 -61 -61 -62 -63 -61 -60 -60 -59 -59 -59 -57 -57 -58 -57 -56 -56 -56 -56 -56 -57 -57 -58 -58 -60 -59 -59 -58 -59 -59 -59 -60 -60 -60 -60 -59 -59 -58 -58 -58 -57 -57 -57 -58 -58 -58 
13 31 36 1 111 -57 -56 -56 -56 -56 -55 -55 -55 -55 -55 -55 -54 -55 -55 -55 -55 -55 -55 -56 -56 -56 -56 -57 -58 -59 -59 -59 -59 -59 -60 -60 -60 -60 -60 -61 -61 -61 -62 -62 -63 -57 -58 -58 -58 -58 -59 -58 -59 -59 -59 -59 -59 -59 -59 -58 -58 -58 -58 -58 -58 -58 -58 -58 -58 -56 -58 -58 -58 -58 -57 -57 -57 -58 -58 -58 -58 -58 -58 -58 -58 
13 31 41 1 111 -56 -57 -56 -55 -55 -55 -55 -55 -54 -55 -55 -54 -55 -55 -54 -54 -55 -55 -55 -55 -55 -55 -57 -57 -58 -58 -58 -58 -59 -59 -59 -59 -59 -59 -60 -60 -60 -62 -62 -62 -58 -59 -59 -59 -59 -59 -60 -60 -59 -60 -59 -60 -60 -60 -60 -59 -60 -59 -59 -59 -59 -58 -58 -58 -58 -59 -57 -59 -58 -58 -58 -58 -58 -58 -58 -58 -58 -58 -58 -58 
13 31 46 1 111 -55 -55 -55 -55 -55 -55 -56 -55 -54 -54 -53 -54 -54 -54 -54 -55 -55 -55 -57 -57 -58 -59 -60 -60 -61 -61 -62 -62 -63 -62 -63 -64 -65 -66 -65 -66 -67 -71 -72 -78 -56 -57 -57 -56 -56 -56 -56 -56 -56 -56 -57 -58 -59 -58 -58 -58 -56 -56 -55 -55 -54 -55 -55 -55 -55 -56 -55 -56 -55 -56 -55 -55 -55 -55 -56 -55 -56 -56 -56 -56 
13 31 50 1 111 -57 -56 -56 -56 -55 -55 -54 -54 -54 -56 -54 -55 -55 -55 -55 -55 -55 -55 -55 -54 -55 -55 -56 -57 -58 -59 -59 -59 -58 -59 -59 -58 -57 -57 -58 -57 -58 -59 -59 -60 -58 -58 -58 -58 -57 -57 -57 -56 -56 -57 -58 -57 -57 -58 -59 -59 -59 -59 -59 -58 -58 -57 -56 -58 -58 -57 -58 -58 -58 -58 -59 -57 -57 -56 -56 -56 -56 -55 -56 -58 
13 31 55 1 111 -58 -56 -56 -56 -55 -55 -54 -55 -55 -55 -55 -55 -56 -57 -56 -57 -57 -58 -59 -59 -58 -59 -60 -60 -61 -61 -61 -61 -61 -62 -62 -62 -63 -63 -63 -100 -62 -63 -64 -66 -58 -59 -59 -58 -57 -57 -57 -58 -58 -59 -59 -60 -60 -60 -59 -59 -58 -58 -57 -57 -57 -57 -57 -56 -57 -57 -57 -57 -57 -57 -57 -57 -58 -57 -57 -57 -59 -57 -57 -57 
13 32 0 1 111 -57 -57 -57 -56 -56 -56 -56 -56 -57 -56 -56 -56 -56 -57 -57 -57 -57 -58 -58 -100 -59 -59 -59 -61 -61 -62 -63 -100 -63 -63 -62 -62 -63 -64 -66 -66 -66 -66 -67 -67 -59 -60 -60 -60 -60 -60 -60 -60 -60 -60 -59 -59 -59 -59 -59 -59 -59 -59 -59 100 -58 -58 -58 -58 -58 -58 -58 100 -59 -59 -59 -57 -58 -59 -59 -59 -59 -59 -60 -59 
13 32 4 1 111 -58 -57 -57 -56 -56 -56 -56 -55 -56 -56 -56 -56 -56 -56 -56 -56 -57 -57 -58 -59 -59 -58 -59 -60 -61 -62 -62 -63 -63 -62 -62 -63 -63 -63 -64 -64 -65 -66 -66 -67 -58 -59 -59 -59 -59 -59 -59 -60 -59 -59 -59 -59 -58 -58 -58 -58 -58 -58 -57 -57 -58 -58 -57 -57 -57 -57 -58 -58 -58 -57 -57 -58 -57 -57 -57 -57 -58 -57 -58 -57 
13 32 9 1 111 -57 -57 -58 -58 -57 -100 -57 -56 -56 -57 -57 -57 -56 -56 -56 -56 -58 -59 -58 -58 -59 -60 -60 -60 -59 -59 -58 -58 -59 -59 -61 -62 -62 -63 -66 -66 -66 -66 -66 -65 -63 -62 -64 -64 -64 100 -65 -67 -71 -73 -76 -76 -68 -63 -64 -63 -63 -60 -57 -60 -62 -61 -59 -60 -60 -62 -62 -62 -61 -61 -60 -60 -59 -60 -60 -59 -59 -60 -60 -59 
13 32 14 1 111 -57 -58 -57 -57 -56 -55 -55 -55 -55 -55 -54 -55 -55 -56 -55 -55 -56 -55 -56 -56 -57 -58 -58 -58 -59 -60 -100 -59 -59 -60 -60 -61 -61 -61 -61 -62 -62 -62 -63 -61 -66 -67 -67 -68 -68 -70 -69 -68 -68 -67 -66 -68 -67 -65 -64 -65 -63 -63 -64 -63 -63 -63 -62 -62 -62 -62 100 -62 -61 -61 -61 -61 -61 -61 -61 -60 -61 -60 -59 -60 
