13 49 0 1 111 -49 -54 -53 -53 -53 -52 -52 -50 -50 -49 -49 -49 -49 -49 -49 -48 -48 -48 -48 -49 -48 -48 -48 -49 -48 -51 -50 -48 -48 -50 -50 -50 -50 -50 -51 -50 -50 -50 -50 -51 -59 -58 -58 -58 -58 -58 -58 -58 -58 -58 -58 -57 -58 -57 -57 -58 -58 -58 -59 -60 -61 -61 -62 -62 -63 -63 -62 -63 -63 -63 -62 -63 -63 -63 -63 -63 -63 -63 -62 -62 
13 49 5 1 111 -49 -54 -54 -54 -53 -52 -51 -50 -49 -49 -49 -49 -49 -51 -50 -50 -50 -50 -49 -49 -49 -48 -50 -50 -49 -50 -49 -49 -49 -50 -50 -50 -50 -50 -50 -50 -50 -50 -50 -50 -56 -55 -55 -55 -55 -55 -54 -54 -55 -55 -55 -55 -56 -56 -56 -56 -57 -59 -59 -61 -62 -64 -63 -65 -66 -68 -67 -69 -69 -71 -71 -72 -73 -72 -72 -71 -69 -67 -66 -64 
13 49 9 1 111 -50 -53 -53 -52 -49 -49 -48 -48 -48 -50 -50 -50 -49 -49 -49 -48 -49 -48 -47 -46 -46 -47 -46 -46 -47 -47 -47 -47 -47 -46 -47 -47 -47 -47 -48 -47 -48 -48 -49 -47 -54 -53 -52 -53 -53 -50 -53 -53 -53 -53 -53 -53 -54 -54 -54 -54 -54 -57 -58 -59 -60 -62 -63 -64 -67 -63 -64 -66 -65 -66 -66 -65 -63 -63 -64 -63 -62 -61 -60 -60 
13 49 14 1 111 -50 -54 -54 -54 -53 -53 -52 -50 -49 -49 -49 -48 -48 -48 -50 -50 -50 -50 -50 -50 -50 -50 -49 -50 -49 -50 -50 -50 -50 -50 -50 -50 -50 -50 -50 -50 -50 -50 -48 -51 -56 -55 -55 -55 -55 -55 -55 -55 -55 -55 -55 -55 -55 -56 -57 -57 -57 -58 -59 -62 -64 -63 -64 -67 -68 -69 -70 -71 -72 -71 -70 -68 -67 -66 -65 -63 -63 -62 -62 -60 
13 49 19 1 111 -49 -55 -54 -54 -54 -53 -51 -50 -49 -49 -49 -48 -48 -49 -48 -50 -50 -50 -50 -50 -50 -50 -50 -50 -50 -50 -50 -50 -50 -50 -50 -50 -50 -50 -50 -50 -48 -50 -50 -50 -56 -56 -55 -56 -55 -55 -55 -54 -55 -55 -56 -56 -55 -56 -56 -56 -57 -58 -60 -61 -63 -64 -65 -63 -63 -66 -66 -67 -67 -68 -66 -67 -67 -68 -67 -65 -64 -63 -64 -63 
13 49 23 1 111 -52 -55 -54 -54 -53 -52 -52 -50 -49 -49 -49 -49 -49 -49 -50 -50 -49 -49 -49 -49 -50 -50 -49 -49 -49 -50 -50 -50 -49 -49 -50 -49 -49 -50 -50 -50 -50 -50 -50 -50 -57 -56 -55 -53 -54 -54 -55 -54 -54 -54 -55 -55 -56 -56 -56 -57 -57 -57 -58 -60 -62 -64 -64 -68 -63 -64 -67 -68 -67 -69 -68 -69 -69 -68 -67 -67 -67 -64 -62 -63 
13 49 28 1 111 -49 -55 -54 -53 -53 -52 -52 -50 -49 -49 -48 -49 -48 -50 -50 -50 -50 -50 -50 -49 -50 -49 -100 -50 -49 -50 -49 -49 -49 -49 -50 -49 -49 -49 -50 -49 -50 -50 -50 -50 -56 -54 -54 -55 -54 -54 -52 -55 -54 -54 -54 -55 -55 -55 -56 -56 -56 -57 -59 -60 -61 -63 100 -62 -64 -65 -67 -68 -69 -71 -72 -73 -73 -70 -69 -67 -67 -63 -62 -63 
13 49 33 1 111 -50 -55 -54 -54 -53 -53 -52 -51 -52 -49 -49 -49 -48 -49 -50 -50 -50 -50 -50 -49 -49 -49 -49 -49 -49 -49 -49 -49 -50 -49 -49 -49 -49 -49 -49 -49 -49 -49 -50 -49 -55 -54 -54 -55 -54 -54 -54 -54 -54 -54 -54 -54 -54 -55 -55 -55 -56 -56 -58 -60 -60 -62 -62 -64 -62 -64 -66 -66 -68 -68 -68 -70 -70 -70 -71 -70 -68 -67 -65 -64 
13 49 37 1 111 -50 -55 -54 -54 -54 -53 -53 -52 -50 -49 -49 -49 -49 -51 -48 -48 -50 -50 -50 -50 -49 -50 -49 -50 -49 -49 -49 -49 -49 -50 -49 -49 -49 -49 -50 -50 -49 -50 -50 -50 -55 -54 -54 -54 -54 -54 -54 -54 -54 -54 -54 -54 -55 -55 -55 -55 -56 -56 -58 -60 -60 -62 -63 -63 -62 -63 -64 -64 -67 -67 -66 -67 -69 -69 -70 -68 -67 -67 -65 -63 
13 49 42 1 111 -52 -55 -54 -54 -53 -52 -53 -49 -49 -49 -49 -48 -48 -49 -50 -50 -50 -49 -50 -49 -49 -50 -49 -50 -49 -49 -49 -49 -49 -49 -50 -49 -49 -50 -49 -50 -49 -50 -49 -50 -54 -55 -54 -55 -55 -54 -54 -55 -54 -55 -55 -54 -55 -55 -56 -55 -56 -57 -58 -60 -61 -63 -63 -63 -63 -66 -66 -67 -67 -68 -69 -70 -70 -70 -69 -69 -68 -67 -65 -63 
13 49 47 1 111 -51 -55 -54 -54 -53 -53 -52 -52 -49 -49 -50 -49 -48 -50 -50 -50 -50 -50 -50 -50 -49 -50 -50 -50 -49 -50 -49 -49 -48 -49 -50 -50 -50 -50 -50 -50 -49 -50 -50 -50 -55 -55 -54 -54 -54 -54 -54 -54 -54 -54 -55 -54 -55 -55 -55 -56 -56 -58 -59 -60 -62 -63 -64 -63 -64 -66 -67 -68 -67 -68 -68 -69 -70 -69 -69 -67 -67 -67 -65 -63 
13 49 51 1 111 -50 -54 -55 -54 -53 -53 -52 -52 -49 -50 -48 -49 -49 -50 -48 -50 -50 -50 -50 -50 -49 -50 -49 -49 -49 -50 -49 -49 -49 -49 -50 -49 -49 -50 -50 -50 -50 -50 -50 -100 -56 -55 -55 -55 -54 -54 -54 -54 -54 -54 -54 -54 -55 -55 -55 -56 -56 -57 -59 -60 -63 -64 -63 -63 -63 -66 -67 -68 -68 -68 -69 -70 -70 -70 -69 -68 -67 -66 -64 100 
13 49 56 1 111 -50 -54 -54 -54 -54 -53 -52 -52 -49 -49 -49 -49 -51 -50 -50 -50 -50 -50 -50 -50 -49 -50 -50 -50 -49 -49 -49 -50 -50 -50 -49 -49 -49 -50 -49 -50 -49 -50 -50 -50 -55 -54 -54 -55 -54 -53 -54 -54 -54 -55 -54 -55 -55 -54 -56 -56 -57 -57 -59 -60 -62 -63 -64 -64 -64 -65 -67 -67 -67 -68 -68 -69 -69 -68 -69 -67 -67 -66 -67 -63 
13 50 1 1 111 -49 -54 -54 -54 -53 -52 -52 -49 -49 -49 -49 -49 -51 -51 -50 -50 -50 -50 -49 -50 -49 -49 -49 -49 -49 -49 -49 -50 -49 -49 -49 -49 -49 -49 -49 -50 -49 -50 -50 -50 -55 -54 -53 -54 -55 -54 -54 -54 -54 -54 -54 -54 -54 -55 -56 -56 -56 -57 -59 -60 -62 -63 -63 -65 -63 -64 -66 -67 -68 -67 -68 -68 -68 -70 -67 -67 -67 -66 -64 -63 
13 50 5 1 111 -50 -55 -53 -53 -53 -52 -50 -49 -49 -49 -49 -48 -48 -48 -50 -50 -50 -49 -50 -50 -49 -49 -49 -49 -49 -49 -49 -49 -49 -49 -49 -49 -49 -49 -49 -50 -49 -50 -50 -50 -55 -55 -54 -54 -54 -54 -54 -54 -54 -54 -54 -54 -55 -55 -54 -56 -56 -57 -59 -59 -62 -63 -63 -63 -64 -65 -67 -67 -67 -68 -69 -69 -69 -69 -68 -68 -66 -67 -64 -63 
13 50 10 1 111 -49 -54 -54 -54 -53 -53 -50 -50 -49 -49 -49 -51 -48 -50 -100 -50 -50 -50 -49 -49 -49 -50 -49 -49 -49 -100 -49 -49 -49 -49 -50 -100 -49 -50 -50 -49 -50 -50 -50 -50 -55 -55 -54 -55 -54 -54 -55 -55 -55 -54 -55 -54 -54 -55 100 -55 -56 -58 -59 -60 -61 -63 -64 -63 -65 100 -67 -66 -67 -68 -69 100 -69 -69 -68 -67 -66 -64 -64 -62 
13 50 15 1 111 -51 -55 -54 -54 -53 -53 -52 -50 -49 -49 -49 -49 -51 -48 -50 -51 -50 -49 -49 -50 -49 -49 -49 -50 -49 -49 -50 -49 -50 -50 -49 -50 -49 -49 -49 -50 -49 -50 -50 -49 -56 -54 -55 -54 -55 -54 -54 -54 -55 -54 -55 -55 -55 -55 -56 -56 -57 -58 -59 -61 -62 -64 -67 -64 -67 -67 -68 -68 -69 -70 -71 -71 -72 -71 -70 -69 -70 -67 -65 -63 
13 50 19 1 111 -49 -55 -54 -53 -53 -52 -49 -50 -49 -49 -51 -49 -51 -51 -50 -50 -50 -49 -49 -50 -49 -49 -49 -49 -49 -49 -50 -49 -49 -49 -49 -50 -49 -49 -49 -49 -50 -50 -50 -100 -56 -55 -55 -54 -54 -55 -55 -54 -54 -54 -53 -53 -55 -55 -56 -56 -56 -57 -59 -61 -62 -63 -62 -64 -67 -67 -68 -69 -69 -71 -71 -72 -72 -70 -69 -69 -68 -66 -64 100 
13 50 24 1 111 -49 -54 -54 -54 -53 -52 -52 -52 -49 -49 -49 -48 -48 -50 -48 -50 -50 -50 -49 -49 -49 -50 -49 -49 -49 -49 -49 -50 -50 -50 -50 -50 -50 -50 -50 -50 -50 -50 -50 -50 -56 -55 -55 -55 -54 -54 -54 -54 -55 -55 -54 -55 -55 -56 -57 -56 -56 -58 -59 -61 -62 -65 -62 -64 -65 -68 -67 -68 -69 -70 -70 -71 -71 -69 -69 -68 -67 -66 -64 -64 
13 50 29 1 111 -50 -54 -54 -53 -53 -52 -51 -49 -49 -49 -48 -48 -50 -50 -50 -50 -50 -50 -50 -50 -50 -50 -49 -49 -49 -49 -49 -49 -50 -50 -50 -49 -49 -50 -50 -50 -50 -50 -50 -50 -55 -54 -54 -54 -55 -54 -54 -55 -54 -55 -55 -55 -55 -55 -56 -56 -57 -57 -59 -61 -62 -64 -64 -64 -65 -67 -67 -68 -69 -71 -71 -72 -72 -72 -71 -70 -69 -66 -66 -64 
13 50 33 1 111 -50 -55 -54 -53 -53 -52 -53 -49 -49 -49 -48 -49 -49 -51 -50 -50 -50 -50 -49 -49 -50 -100 -49 -50 -49 -49 -49 -49 -49 -49 -50 -49 -49 -50 -50 -50 -49 -50 -50 -50 -56 -54 -54 -54 -54 -54 -54 -54 -55 -55 -55 -55 -55 -55 -56 -55 -56 -57 -58 -60 -62 100 -63 -63 -65 -65 -67 -68 -68 -69 -69 -70 -71 -71 -70 -68 -68 -67 -65 -64 
13 50 38 1 111 -50 -54 -54 -53 -53 -53 -52 -49 -52 -50 -49 -48 -50 -51 -50 -50 -50 -50 -50 -49 -49 -49 -50 -49 -49 -49 -50 -49 -50 -50 -49 -50 -50 -50 -50 -50 -50 -50 -50 -50 -55 -55 -54 -54 -55 -54 -55 -54 -55 -54 -55 -55 -54 -56 -54 -56 -57 -57 -59 -61 -62 -64 -63 -64 -66 -67 -67 -68 -69 -69 -70 -70 -70 -70 -70 -68 -67 -67 -65 -63 
13 50 45 1 111 -50 -54 -54 -53 -53 -53 -52 -52 -49 -49 -48 -48 -48 -50 -50 -50 -50 -50 -49 -49 -49 -49 -49 -49 -49 -49 -49 -49 -100 -49 -49 -49 -49 -50 -50 -50 -49 -50 -50 -50 -55 -55 -54 -55 -54 -54 -55 -54 -54 -55 -54 -54 -54 -56 -54 -56 -57 -57 -58 -60 -62 -63 -64 -62 -64 -67 -67 -68 100 -70 -71 -71 -72 -72 -71 -70 -71 -67 -66 -65 
13 50 49 1 111 -49 -55 -54 -54 -53 -52 -51 -49 -49 -49 -48 -48 -48 -50 -50 -50 -51 -50 -49 -49 -49 -49 -50 -49 -49 -49 -49 -49 -49 -49 -49 -49 -50 -49 -49 -50 -50 -100 -50 -50 -55 -55 -55 -54 -55 -54 -54 -54 -54 -54 -55 -54 -54 -55 -56 -56 -56 -57 -59 -60 -62 -63 -64 -63 -65 -66 -66 -67 -68 -69 -69 -70 -70 -69 -69 -68 -67 100 -65 -64 
13 50 54 1 111 -50 -54 -54 -54 -53 -51 -53 -50 -49 -49 -49 -48 -48 -51 -50 -49 -50 -49 -50 -49 -49 -49 -49 -49 -50 -49 -49 -49 -50 -50 -50 -49 -49 -49 -50 -49 -50 -50 -50 -50 -55 -54 -54 -55 -55 -55 -55 -55 -54 -55 -55 -55 -56 -56 -56 -56 -57 -58 -59 -60 -62 -64 -63 -64 -66 -66 -68 -68 -69 -69 -70 -71 -71 -71 -71 -70 -69 -67 -67 -64 
13 50 59 1 111 -49 -54 -53 -53 -52 -52 -50 -49 -49 -49 -48 -48 -50 -50 -50 -50 -50 -50 -49 -49 -49 -49 -49 -49 -49 -49 -49 -49 -49 -49 -49 -49 -49 -49 -49 -49 -50 -49 -49 -50 -56 -54 -55 -54 -54 -54 -55 -54 -54 -54 -54 -54 -55 -54 -56 -56 -57 -57 -59 -60 -62 -63 -65 -63 -64 -67 -65 -68 -69 -71 -72 -72 -73 -72 -72 -70 -69 -67 -67 -65 
13 51 4 1 111 -50 -54 -54 -53 -53 -53 -52 -50 -50 -49 -48 -49 -48 -50 -50 -50 -50 -49 -49 -50 -49 -49 -49 -49 -49 -49 -49 -49 -49 -50 -49 -50 -50 -49 -49 -49 -50 -50 -50 -50 -55 -54 -54 -54 -54 -54 -54 -54 -55 -55 -55 -55 -55 -54 -55 -56 -57 -58 -59 -60 -62 -63 -63 -64 -66 -67 -68 -69 -71 -71 -72 -72 -73 -72 -69 -69 -68 -66 -65 -63 
13 51 8 1 111 -49 -55 -54 -53 -52 -53 -49 -49 -49 -48 -49 -48 -50 -50 -50 -50 -50 -49 -49 -50 -49 -49 -49 -50 -50 -49 -49 -49 -49 -49 -49 -49 -49 -50 -49 -50 -50 -49 -50 -50 -56 -54 -54 -54 -55 -54 -54 -54 -54 -54 -54 -54 -55 -55 -56 -56 -58 -57 -59 -60 -62 -63 -67 -64 -64 -66 -67 -68 -69 -70 -71 -72 -71 -70 -69 -68 -67 -66 -65 -63 
13 51 13 1 111 -49 -54 -53 -53 -53 -52 -50 -49 -49 -49 -48 -48 -48 -48 -50 -50 -50 -49 -49 -50 -49 -49 -49 -49 -49 -49 -49 -49 -49 -49 -49 -49 -49 -49 -50 -49 -49 -49 -50 -50 -56 -54 -55 -54 -54 -54 -54 -54 -55 -54 -55 -54 -54 -54 -55 -54 -56 -57 -58 -60 -62 -63 -64 -63 -65 -67 -68 -68 -69 -70 -71 -72 -72 -71 -70 -70 -68 -67 -67 -63 
13 51 18 1 111 -50 -54 -54 -55 -54 -53 -52 -52 -49 -49 -49 -49 -51 -51 -48 -50 -50 -50 -49 -49 -50 -49 -49 -50 -49 -50 -50 -50 -49 -49 -49 -50 -50 -50 -100 -47 -49 -51 -48 -48 -55 -55 -54 -54 -54 -54 -54 -54 -54 -54 -54 -55 -54 -57 -54 -55 -56 -57 -58 -60 -62 -63 -64 -62 -64 -67 -68 -68 -69 -70 -70 -71 -72 -72 100 -72 -71 -68 -68 -65 
13 51 22 1 111 -50 -54 -54 -54 -53 -53 -53 -49 -49 -49 -50 -49 -51 -49 -48 -50 -50 -50 -50 -49 -50 -49 -100 -49 -49 -49 -49 -50 -50 -49 -49 -49 -49 -49 -50 -49 -49 -49 -50 -50 -56 -54 -54 -54 -54 -54 -55 -54 -54 -54 -53 -55 -54 -55 -55 -56 -56 -57 -59 -60 -62 -63 100 -63 -64 -66 -66 -68 -67 -68 -69 -70 -70 -70 -69 -70 -70 -68 -67 -66 
13 51 29 1 111 -49 -55 -54 -54 -53 -52 -52 -50 -50 -49 -49 -49 -48 -48 -100 -50 -50 -50 -49 -49 -49 -49 -49 -49 -49 -50 -49 -49 -49 -49 -50 -49 -49 -50 -49 -50 -50 -50 -50 -50 -55 -54 -54 -54 -54 -54 -55 -54 -54 -54 -54 -55 -54 -56 100 -56 -56 -57 -58 -59 -62 -62 -63 -62 -64 -65 -67 -67 -68 -70 -71 -72 -73 -73 -73 -73 -72 -69 -68 -67 
13 51 34 1 111 -50 -55 -54 -53 -52 -53 -52 -52 -49 -49 -49 -49 -51 -50 -48 -50 -49 -50 -50 -50 -49 -49 -49 -100 -49 -49 -49 -49 -49 -49 -49 -50 -50 -49 -49 -50 -50 -50 -50 -50 -55 -54 -54 -54 -54 -54 -54 -54 -54 -54 -55 -54 -55 -54 -55 -56 -56 -57 -58 -60 -61 -62 -63 100 -64 -65 -67 -67 -68 -70 -70 -72 -72 -72 -72 -71 -71 -68 -67 -65 
13 51 38 1 111 -49 -55 -54 -53 -54 -53 -53 -50 -49 -49 -49 -48 -48 -51 -51 -50 -51 -49 -50 -49 -50 -50 -49 -50 -49 -49 -50 -49 -49 -49 -49 -49 -50 -50 -50 -49 -50 -50 -50 -50 -55 -55 -54 -54 -54 -54 -54 -54 -54 -55 -55 -53 -55 -55 -56 -55 -56 -56 -58 -60 -62 -63 -64 -63 -64 -66 -66 -68 -69 -70 -72 -73 -74 -74 -74 -72 -70 -68 -67 -65 
13 51 43 1 111 -50 -54 -54 -54 -53 -52 -51 -49 -49 -49 -49 -49 -51 -50 -50 -50 -50 -49 -49 -49 -49 -49 -48 -49 -50 -49 -49 -49 -49 -49 -50 -49 -49 -49 -49 -49 -50 -50 -50 -50 -55 -54 -54 -54 -55 -55 -54 -54 -54 -54 -54 -54 -54 -55 -54 -54 -56 -58 -58 -60 -61 -62 -64 -63 -64 -66 -66 -67 -68 -71 -72 -73 -75 -75 -75 -74 -73 -69 -68 -67 
13 51 48 1 111 -50 -54 -54 -54 -53 -53 -52 -52 -49 -50 -49 -48 -49 -50 -51 -49 -50 -49 -49 -49 -50 -49 -49 -49 -49 -50 -49 -50 -49 -50 -49 -100 -50 -50 -50 -50 -50 -50 -50 -50 -55 -54 -54 -54 -54 -54 -54 -54 -54 -54 -54 -54 -54 -55 -55 -56 -57 -57 -59 -60 -61 -63 -63 -63 -66 -67 -67 -69 -70 -71 -73 100 -75 -76 -74 -73 -71 -68 -68 -66 
13 51 52 1 111 -50 -54 -54 -53 -53 -52 -52 -51 -50 -49 -49 -48 -48 -51 -51 -47 -50 -50 -50 -50 -50 -49 -50 -50 -49 -50 -49 -49 -49 -50 -50 -49 -50 -50 -50 -50 -50 -50 -50 -50 -55 -55 -54 -54 -54 -54 -54 -54 -54 -55 -54 -55 -56 -55 -56 -57 -57 -58 -60 -62 -62 -66 -64 -66 -68 -68 -69 -71 -71 -73 -73 -74 -74 -72 -71 -69 -69 -67 -66 -64 
13 51 57 1 111 -50 -55 -54 -53 -53 -52 -52 -49 -49 -49 -51 -48 -48 -50 -50 -50 -50 -49 -49 -50 -49 -49 -49 -49 -49 -49 -49 -49 -49 -49 -49 -49 -49 -49 -49 -49 -49 -50 -50 -50 -55 -54 -54 -54 -54 -54 -54 -54 -54 -54 -54 -55 -54 -54 -55 -55 -56 -57 -59 -59 -62 -63 -64 -63 -64 -65 -67 -67 -69 -71 -72 -73 -73 -74 -74 -72 -72 -69 -67 -66 
13 52 2 1 111 -50 -55 -55 -54 -53 -53 -52 -50 -49 -49 -49 -49 -51 -50 -48 -50 -50 -50 -49 -49 -49 -49 -49 -49 -49 -49 -50 -49 -49 -50 -50 -49 -49 -50 -49 -50 -49 -50 -50 -50 -55 -54 -54 -53 -54 -55 -53 -54 -54 -54 -54 -54 -54 -55 -55 -56 -56 -57 -58 -60 -62 -62 -64 -63 -64 -66 -67 -68 -69 -71 -72 -72 -73 -74 -73 -72 -72 -68 -66 -67 
13 52 6 1 111 -50 -54 -54 -54 -53 -52 -52 -50 -49 -49 -49 -49 -49 -49 -50 -50 -49 -49 -49 -50 -49 -49 -49 -49 -50 -49 -49 -49 -49 -50 -49 -50 -50 -50 -50 -49 -50 -50 -50 -48 -55 -55 -54 -55 -54 -54 -54 -54 -54 -55 -54 -54 -53 -55 -55 -56 -57 -57 -59 -60 -62 -63 -65 -63 -65 -67 -67 -67 -69 -72 -72 -74 -75 -76 -74 -73 -72 -68 -67 -67 
13 52 11 1 111 -76 -55 -54 -53 -53 -52 -52 -50 -49 -49 -49 -49 -48 -51 -50 -48 -50 -50 -50 -49 -49 -50 -49 -49 -50 -49 -49 -50 -49 -50 -50 -50 -50 -49 -50 -50 -50 -50 -50 -50 -76 -54 -55 -54 -54 -54 -54 -56 -55 -54 -54 -54 -55 -55 -56 -56 -60 -57 -59 -60 -62 -63 -64 -63 -65 -67 -67 -68 -69 -70 -71 -72 -72 -72 -72 -72 -70 -68 -66 -66 
13 52 16 1 111 -50 -55 -54 -54 -53 -53 -52 -50 -49 -49 -49 -49 -48 -48 -50 -51 -50 -49 -50 -50 -50 -50 -50 -49 -49 -50 -50 -49 -49 -49 -49 -50 -49 -50 -50 -50 -50 -50 -50 -50 -55 -54 -55 -54 -55 -54 -55 -54 -54 -55 -55 -55 -54 -55 -56 -56 -56 -57 -58 -60 -62 -63 -64 -64 -65 -66 -67 -68 -69 -71 -72 -72 -75 -74 -73 -72 -71 -68 -67 -67 
13 52 20 1 111 -52 -55 -54 -53 -54 -53 -52 -50 -49 -49 -49 -49 -48 -51 -50 -48 -50 -50 -49 -50 -49 -49 -50 -49 -100 -49 -49 -49 -49 -50 -50 -50 -49 -50 -50 -49 -50 -50 -50 -50 -56 -54 -54 -55 -55 -54 -54 -54 -54 -53 -54 -54 -54 -55 -55 -56 -56 -57 -58 -59 -61 -63 -64 -67 100 -64 -67 -67 -68 -69 -70 -70 -72 -73 -73 -72 -72 -68 -67 -66 
13 52 25 1 111 -50 -54 -55 -54 -53 -53 -53 -50 -50 -49 -49 -49 -48 -48 -50 -50 -50 -50 -50 -50 -50 -50 -50 -49 -49 -49 -49 -49 -49 -50 -49 -50 -49 -50 -49 -50 -50 -49 -50 -50 -55 -54 -54 -55 -54 -54 -54 -54 -54 -54 -54 -55 -54 -55 -55 -56 -56 -57 -58 -60 -62 -63 -63 -62 -63 -65 -67 -68 -68 -68 -69 -70 -72 -72 -72 -70 -70 -67 -66 -66 
13 52 30 1 111 -50 -54 -54 -55 -53 -53 -51 -51 -49 -49 -48 -49 -48 -50 -50 -50 -50 -50 -50 -49 -49 -50 -49 -49 -50 -50 -50 -49 -50 -49 -49 -50 -50 -50 -50 -50 -50 -50 -50 -48 -54 -54 -54 -54 -54 -54 -55 -55 -54 -55 -54 -54 -55 -55 -55 -56 -56 -57 -59 -60 -62 -63 -65 -63 -65 -67 -66 -68 -69 -70 -71 -72 -72 -72 -72 -71 -70 -67 -66 -65 
13 52 34 1 111 -80 -55 -54 -53 -53 -53 -52 -52 -49 -50 -49 -49 -49 -48 -48 -50 -50 -50 -50 -49 -50 -49 -49 -49 -49 -50 -49 -50 -49 -50 -49 -50 -50 -50 -50 -50 -50 -50 -50 -51 -80 -53 -54 -55 -55 -54 -54 -55 -54 -55 -53 -55 -55 -55 -56 -56 -56 -58 -58 -60 -62 -63 -66 -63 -64 -67 -65 -68 -68 -69 -71 -72 -72 -72 -72 -71 -69 -67 -67 -65 
13 52 39 1 111 -50 -55 -54 -54 -53 -53 -52 -52 -49 -50 -48 -49 -49 -50 -48 -50 -50 -50 -50 -50 -50 -50 -49 -49 -50 -50 -49 -50 -50 -50 -49 -50 -50 -50 -50 -50 -47 -50 -50 -50 -56 -55 -55 -54 -55 -55 -54 -54 -55 -54 -55 -55 -55 -54 -56 -55 -58 -58 -60 -61 -62 -63 -64 -64 -64 -66 -67 -68 -70 -71 -72 -72 -72 -72 -72 -71 -70 -67 -67 -65 
13 52 44 1 111 -50 -55 -54 -54 -53 -52 -53 -51 -49 -49 -49 -49 -48 -49 -48 -50 -50 -50 -50 -50 -50 -50 -49 -50 -50 -50 -49 -49 -49 -50 -50 -50 -50 -50 -50 -49 -50 -50 -48 -48 -56 -54 -55 -55 -54 -54 -55 -55 -55 -55 -55 -55 -54 -56 -55 -56 -56 -58 -59 -59 -62 -63 -63 -64 -66 -67 -68 -68 -69 -70 -71 -70 -71 -71 -70 -69 -69 -66 -67 -64 
13 52 48 1 111 -51 -55 -54 -54 -53 -53 -52 -51 -49 -50 -49 -49 -51 -51 -48 -51 -50 -50 -50 -50 -50 -49 -49 -50 -50 -50 -50 -49 -50 -50 -50 -50 -49 -50 -50 -50 -50 -50 -50 -50 -55 -55 -55 -54 -55 -55 -55 -54 -54 -55 -55 -55 -55 -55 -56 -56 -57 -58 -60 -61 -62 -63 -67 -64 -65 -67 -67 -68 -70 -71 -71 -72 -73 -73 -72 -70 -69 -67 -67 -66 
13 52 53 1 111 -51 -55 -54 -54 -53 -53 -52 -52 -50 -49 -49 -49 -49 -48 -48 -50 -50 -50 -50 -49 -49 -50 -48 -49 -49 -50 -50 -49 -49 -50 -100 -50 -50 -49 -50 -50 -50 -50 -50 -51 -56 -55 -55 -55 -55 -54 -54 -55 -54 -54 -55 -55 -55 -55 -56 -56 -57 -58 -59 -61 -62 -64 -65 -64 -65 -67 -67 -67 -69 -69 100 -71 -72 -71 -70 -71 -70 -67 -67 -65 
13 52 58 1 111 -50 -54 -54 -54 -53 -53 -52 -49 -49 -50 -49 -49 -48 -50 -48 -50 -50 -49 -49 -49 -49 -49 -50 -49 -50 -50 -50 -49 -50 -49 -50 -50 -50 -50 -50 -50 -50 -50 -50 -50 -55 -55 -54 -54 -55 -55 -54 -55 -54 -54 -54 -55 -55 -55 -56 -56 -57 -58 -59 -60 -62 -64 -63 -65 -66 -66 -68 -68 -69 -70 -71 -71 -72 -71 -70 -69 -67 -68 -66 -66 
13 53 2 1 111 -50 -54 -54 -54 -53 -53 -53 -52 -52 -49 -49 -49 -49 -50 -48 -50 -50 -50 -49 -50 -50 -49 -50 -50 -49 -50 -49 -50 -49 -49 -49 -49 -49 -49 -50 -50 -50 -50 -50 -50 -56 -55 -55 -54 -54 -54 -54 -55 -55 -55 -55 -55 -55 -55 -56 -56 -58 -59 -59 -61 -63 -64 -63 -64 -66 -67 -67 -69 -69 -70 -71 -71 -72 -70 -68 -68 -67 -67 -65 -63 
13 53 7 1 111 -49 -54 -54 -53 -53 -52 -50 -50 -50 -48 -48 -50 -51 -50 -50 -50 -50 -49 -49 -49 -50 -49 -49 -49 -49 -48 -49 -49 -49 -49 -49 -49 -49 -49 -49 -49 -50 -50 -49 -50 -55 -54 -54 -54 -54 -54 -54 -54 -54 -55 -54 -54 -55 -55 -56 -56 -57 -58 -59 -60 -62 -64 -65 -64 -65 -68 -67 -68 -68 -68 -70 -70 -70 -69 -69 -68 -67 -66 -65 -64 
13 53 12 1 111 -50 -55 -54 -53 -53 -53 -50 -49 -49 -48 -48 -48 -50 -50 -50 -50 -50 -50 -49 -49 -50 -49 -49 -49 -49 -49 -49 -49 -49 -49 -49 -49 -49 -49 -49 -49 -49 -50 -49 -50 -55 -54 -54 -54 -54 -54 -53 -54 -54 -54 -55 -54 -54 -55 -54 -56 -56 -57 -59 -60 -61 -62 -65 -63 -64 -65 -67 -66 -68 -69 -70 -71 -72 -70 -72 -70 -70 -67 -68 -65 
13 53 16 1 111 -49 -54 -54 -53 -53 -52 -50 -49 -49 -49 -51 -48 -48 -50 -50 -50 -49 -50 -49 -49 -49 -49 -49 -49 -49 -47 -49 -49 -49 -49 -49 -49 -49 -49 -49 -49 -49 -49 -50 -50 -55 -54 -54 -54 -54 -54 -54 -54 -54 -54 -54 -55 -54 -54 -56 -56 -56 -55 -58 -60 -61 -63 -63 -62 -63 -65 -65 -67 -67 -67 -67 -68 -68 -67 -68 -67 -67 -66 -63 -62 
13 53 21 1 111 -49 -54 -54 -53 -53 -52 -52 -49 -49 -49 -48 -48 -50 -50 -50 -50 -50 -49 -49 -49 -49 -49 -49 -49 -49 -50 -49 -49 -49 -49 -49 -49 -49 -49 -100 -49 -50 -50 -50 -50 -55 -55 -55 -54 -54 -54 -55 -54 -54 -54 -55 -54 -54 -55 -55 -56 -57 -58 -60 -61 -62 -63 -63 -64 -65 -67 -67 -68 -68 -70 -70 -71 -71 -70 100 -68 -67 -66 -66 -63 
13 53 26 1 111 -49 -54 -55 -53 -53 -53 -52 -49 -49 -49 -49 -49 -48 -50 -50 -50 -50 -50 -49 -49 -50 -50 -50 -49 -50 -49 -49 -50 -50 -49 -49 -49 -50 -49 -49 -49 -50 -50 -50 -50 -54 -55 -54 -55 -54 -54 -55 -55 -55 -55 -54 -55 -55 -54 -55 -56 -56 -57 -58 -60 -61 -63 -63 -67 -63 -64 -66 -66 -66 -67 -68 -69 -69 -70 -69 -69 -68 -66 -67 -64 
13 53 30 1 111 -49 -54 -53 -53 -53 -52 -49 -49 -49 -49 -48 -49 -48 -50 -50 -50 -50 -50 -49 -49 -49 -49 -50 -49 -49 -49 -49 -49 -49 -49 -49 -49 -50 -50 -50 -50 -49 -50 -50 -48 -55 -55 -54 -55 -54 -54 -54 -55 -54 -54 -55 -55 -54 -56 -56 -56 -57 -57 -59 -60 -62 -64 -64 -63 -65 -66 -66 -67 -68 -67 -67 -66 -68 -67 -68 -67 -66 -65 -64 -63 
13 53 35 1 111 -49 -54 -53 -54 -52 -52 -52 -49 -49 -51 -49 -49 -51 -50 -50 -50 -50 -49 -50 -49 -49 -49 -50 -49 -49 -50 -49 -49 -49 -49 -50 -49 -49 -50 -49 -49 -50 -50 -50 -50 -56 -55 -56 -55 -55 -55 -55 -54 -55 -55 -55 -55 -56 -56 -57 -57 -58 -59 -60 -62 -63 -62 -64 -66 -66 -68 -67 -68 -68 -68 -68 -67 -68 -68 -65 -66 -65 -64 -63 -64 
13 53 40 1 111 -50 -54 -53 -53 -53 -52 -51 -50 -49 -49 -49 -48 -50 -50 -50 -50 -49 -50 -49 -49 -49 -49 -49 -49 -49 -49 -50 -49 -49 -100 -49 -49 -49 -50 -50 -50 -50 -50 -50 -50 -56 -55 -55 -55 -54 -54 -54 -55 -55 -54 -55 -55 -55 -54 -56 -56 -58 -57 -59 -61 -62 -64 -63 -65 -66 -67 -68 -69 -69 100 -69 -69 -69 -67 -67 -67 -67 -64 -63 -67 
13 53 44 1 111 -49 -54 -54 -53 -53 -52 -52 -50 -50 -49 -48 -48 -50 -48 -50 -50 -50 -49 -49 -50 -49 -49 -50 -49 -49 -49 -49 -49 -49 -49 -49 -49 -49 -49 -49 -49 -49 -49 -49 -49 -55 -54 -54 -54 -54 -54 -54 -54 -54 -55 -55 -54 -55 -55 -55 -55 -56 -57 -58 -60 -61 -62 -63 -68 -64 -64 -66 -67 -67 -68 -68 -68 -69 -69 -68 -67 -67 -65 -63 -62 
13 53 49 1 111 -56 -58 -57 -55 -54 -54 -53 -51 -48 -49 -49 -50 -49 -54 -53 -51 -49 -47 -48 -47 -50 -50 -49 -49 -47 -49 -50 -50 -49 -49 -49 -51 -50 -50 -49 -49 -50 -50 -50 -50 -58 -57 -55 -55 -54 -54 -54 -54 -54 -54 -54 -53 -52 -53 -52 -55 -58 -62 -59 -57 -59 -59 -63 -75 -64 -63 -62 -62 -72 -71 -67 -63 -63 -65 -75 -71 -66 -64 -69 -63 
13 53 54 1 111 -49 -55 -54 -54 -54 -53 -52 -50 -50 -49 -49 -49 -50 -50 -50 -50 -50 -50 -49 -49 -49 -49 -49 -50 -49 -49 -49 -49 -49 -49 -49 -49 -49 -49 -50 -50 -49 -50 -49 -50 -55 -54 -54 -54 -54 -54 -54 -54 -54 -54 -55 -54 -54 -55 -55 -55 -56 -57 -58 -60 -61 -63 -63 -70 -64 -64 -67 -67 -68 -68 -69 -70 -69 -68 -67 -67 -68 -66 -64 -63 
13 53 58 1 111 -49 -55 -55 -54 -53 -52 -52 -52 -49 -49 -49 -48 -48 -50 -51 -50 -50 -50 -50 -49 -49 -49 -49 -49 -49 -49 -49 -49 -48 -49 -49 -49 -49 -49 -50 -49 -50 -50 -50 -50 -55 -54 -54 -53 -54 -54 -54 -54 -53 -54 -54 -54 -55 -54 -55 -55 -56 -57 -58 -59 -60 -62 -62 -64 -62 -63 -64 -66 -68 -67 -69 -70 -71 -72 -72 -71 -70 -68 -67 -64 
13 54 5 1 111 -49 -54 -54 -54 -53 -53 -52 -49 -49 -49 -49 -48 -51 -48 -50 -50 -51 -49 -49 -49 -49 -50 -49 -100 -49 -49 -49 -50 -49 -49 -49 -49 -49 -49 -49 -49 -50 -49 -50 -50 -54 -54 -54 -54 -53 -55 -54 -54 -54 -54 -54 -54 -54 -55 -55 -56 -56 -57 -58 -59 -61 -62 -63 100 -63 -66 -66 -67 -67 -69 -70 -71 -71 -72 -72 -71 -70 -67 -67 -66 
13 54 10 1 111 -49 -54 -54 -54 -53 -52 -51 -49 -49 -49 -48 -48 -48 -51 -50 -50 -49 -49 -49 -50 -49 -49 -49 -49 -49 -49 -47 -49 -49 -48 -49 -49 -48 -49 -49 -49 -49 -49 -49 -49 -55 -54 -53 -54 -54 -54 -54 -54 -54 -54 -54 -54 -54 -54 -55 -55 -54 -56 -58 -60 -61 -62 -63 -66 -63 -65 -67 -67 -68 -71 -70 -73 -73 -73 -71 -71 -70 -69 -65 -64 
13 54 14 1 111 -49 -54 -54 -54 -53 -52 -50 -49 -49 -49 -49 -49 -50 -51 -48 -50 -50 -49 -50 -50 -49 -50 -49 -50 -49 -49 -49 -49 -49 -49 -49 -50 -49 -50 -50 -50 -50 -50 -49 -50 -54 -54 -54 -55 -54 -54 -54 -54 -54 -55 -54 -54 -54 -55 -55 -56 -57 -57 -59 -60 -61 -63 -64 -64 -65 -67 -68 -67 -69 -70 -71 -72 -72 -71 -70 -70 -69 -67 -67 -65 
13 54 19 1 111 -49 -54 -54 -54 -53 -52 -53 -51 -49 -49 -49 -49 -51 -48 -48 -50 -50 -50 -49 -50 -49 -50 -49 -49 -49 -49 -50 -50 -49 -49 -49 -50 -50 -49 -50 -49 -50 -50 -50 -50 -54 -55 -54 -54 -54 -54 -54 -54 -54 -54 -54 -55 -55 -55 -55 -56 -56 -57 -59 -60 -62 -63 -64 -63 -64 -66 -67 -68 -69 -72 -71 -72 -72 -72 -72 -70 -70 -67 -67 -65 
13 54 24 1 111 -50 -54 -54 -53 -53 -52 -51 -52 -50 -49 -48 -48 -48 -50 -50 -50 -50 -50 -49 -49 -49 -49 -50 -49 -49 -50 -49 -49 -49 -48 -50 -49 -50 -50 -50 -50 -50 -50 -100 -50 -55 -54 -54 -55 -54 -54 -55 -54 -55 -54 -54 -55 -55 -56 -55 -57 -58 -58 -60 -59 -62 -64 -68 -64 -66 -68 -68 -70 -71 -72 -73 -73 -74 -74 -72 -71 -69 -67 100 -65 
13 54 28 1 111 -49 -55 -55 -54 -53 -52 -50 -49 -48 -48 -48 -50 -50 -51 -50 -50 -49 -49 -49 -49 -49 -50 -49 -50 -50 -49 -49 -49 -49 -49 -50 -49 -100 -49 -50 -49 -50 -50 -50 -50 -55 -55 -55 -54 -54 -54 -54 -54 -55 -55 -55 -55 -56 -56 -56 -56 -57 -58 -59 -61 -62 -64 -62 -64 -65 -67 -68 -68 -68 -70 -69 -71 100 -71 -71 -70 -68 -67 -64 -63 
13 54 33 1 111 -49 -54 -54 -53 -53 -52 -52 -49 -49 -51 -49 -51 -48 -51 -50 -50 -50 -50 -49 -49 -49 -50 -50 -50 -49 -49 -50 -49 -49 -50 -50 -49 -50 -49 -50 -50 -50 -50 -49 -50 -55 -54 -54 -54 -54 -54 -54 -54 -54 -55 -54 -55 -55 -55 -54 -56 -57 -57 -59 -60 -61 -63 -65 -63 -64 -67 -68 -67 -68 -70 -69 -70 -70 -70 -69 -69 -68 -66 -65 -63 
13 54 38 1 111 -50 -54 -53 -54 -53 -53 -51 -50 -50 -49 -49 -49 -48 -48 -50 -48 -50 -50 -49 -50 -49 -50 -49 -49 -49 -49 -49 -49 -50 -49 -49 -49 -49 -49 -50 -50 -50 -50 -50 -50 -56 -55 -54 -54 -54 -54 -54 -55 -55 -55 -55 -55 -54 -56 -56 -56 -57 -57 -59 -60 -61 -64 -64 -64 -66 -67 -66 -68 -70 -70 -72 -72 -72 -71 -70 -70 -68 -67 -66 -63 
13 54 42 1 111 -49 -54 -54 -54 -53 -52 -51 -50 -50 -49 -49 -48 -51 -48 -50 -50 -50 -50 -51 -49 -50 -49 -50 -50 -49 -49 -49 -50 -100 -49 -49 -50 -50 -50 -49 -49 -50 -49 -50 -50 -56 -55 -55 -54 -54 -54 -54 -54 -55 -55 -55 -54 -55 -55 -56 -56 -57 -57 -59 -60 -62 -63 -64 -63 -65 -66 -68 -67 100 -69 -70 -70 -72 -71 -70 -69 -67 -67 -64 -63 
13 54 49 1 111 -50 -54 -54 -53 -53 -53 -52 -49 -49 -49 -50 -51 -51 -48 -51 -50 -50 -50 -50 -49 -49 -50 -50 -49 -49 -49 -49 -49 -49 -49 -50 -49 -49 -49 -49 -50 -50 -50 -50 -50 -55 -55 -55 -54 -54 -55 -54 -54 -54 -55 -55 -55 -54 -55 -56 -56 -58 -58 -59 -61 -62 -64 -62 -64 -67 -68 -68 -69 -70 -71 -71 -71 -72 -69 -69 -68 -67 -66 -64 -62 
13 54 54 1 111 -51 -54 -54 -54 -53 -53 -52 -50 -49 -49 -49 -48 -51 -48 -50 -50 -50 -49 -50 -50 -49 -50 -50 -49 -49 -49 -50 -50 -49 -49 -50 -49 -49 -50 -50 -50 -49 -50 -48 -50 -55 -54 -55 -55 -54 -54 -55 -55 -55 -55 -54 -54 -55 -55 -56 -57 -57 -58 -59 -60 -62 -64 -64 -63 -66 -67 -68 -67 -68 -70 -71 -72 -72 -71 -71 -71 -68 -68 -67 -64 
13 54 58 1 111 -49 -54 -54 -54 -53 -51 -51 -50 -49 -49 -48 -48 -51 -50 -50 -50 -50 -50 -49 -50 -49 -49 -49 -49 -49 -49 -49 -49 -49 -49 -50 -49 -49 -50 -49 -50 -50 -50 -50 -50 -55 -54 -54 -54 -54 -54 -54 -54 -54 -54 -54 -55 -55 -56 -56 -56 -56 -57 -59 -61 -62 -63 -64 -64 -66 -67 -67 -68 -70 -71 -72 -71 -73 -72 -70 -71 -69 -68 -65 -64 
13 55 3 1 111 -49 -54 -54 -53 -52 -52 -50 -49 -49 -49 -49 -51 -51 -50 -48 -50 -49 -50 -50 -50 -49 -49 -49 -49 -49 -49 -49 -49 -49 -50 -49 -49 -49 -49 -50 -50 -50 -50 -50 -50 -55 -54 -55 -55 -54 -54 -54 -54 -54 -54 -54 -55 -55 -56 -56 -55 -57 -58 -58 -59 -62 -63 -64 -64 -66 -68 -68 -69 -71 -72 -72 -73 -73 -72 -70 -70 -68 -68 -65 -63 
13 55 8 1 111 -50 -54 -53 -53 -53 -52 -53 -50 -49 -49 -48 -48 -48 -50 -50 -50 -49 -49 -50 -49 -49 -49 -49 -49 -49 -50 -49 -100 -49 -50 -100 -49 -50 -49 -50 -50 -50 -50 -50 -50 -54 -54 -54 -54 -54 -54 -54 -55 -55 -54 -55 -55 -55 -56 -56 -56 -57 -57 -59 -60 -62 -63 -63 -64 -67 -66 -68 100 -71 -72 100 -75 -75 -73 -72 -71 -69 -67 -67 -63 
13 55 14 1 111 -49 -54 -53 -53 -52 -52 -50 -49 -49 -49 -49 -51 -51 -50 -50 -50 -50 -50 -50 -50 -50 -49 -49 -49 -50 -49 -49 -49 -49 -49 -50 -49 -50 -50 -50 -50 -50 -50 -50 -50 -56 -55 -55 -55 -55 -55 -55 -55 -56 -55 -55 -54 -56 -56 -57 -57 -58 -59 -60 -62 -64 -63 -66 -67 -68 -70 -70 -72 -72 -72 -72 -72 -72 -70 -69 -68 -67 -64 -64 -62 
13 55 19 1 111 -50 -54 -54 -54 -53 -52 -52 -50 -49 -49 -49 -48 -51 -50 -50 -50 -50 -50 -50 -49 -50 -50 -49 -50 -50 -50 -50 -50 -50 -50 -50 -50 -50 -50 -50 -50 -50 -50 -50 -48 -56 -55 -55 -54 -55 -54 -54 -55 -55 -55 -55 -56 -55 -56 -56 -57 -57 -57 -60 -61 -62 -64 -63 -65 -65 -68 -67 -68 -69 -69 -70 -70 -70 -69 -69 -68 -66 -66 -65 -63 
13 55 24 1 111 -49 -54 -54 -54 -54 -53 -52 -51 -49 -50 -49 -49 -49 -51 -48 -47 -50 -49 -51 -50 -50 -50 -50 -50 -50 -50 -49 -50 -50 -49 -50 -50 -50 -50 -50 -50 -50 -50 -50 -50 -56 -55 -55 -55 -54 -54 -54 -54 -55 -54 -55 -54 -55 -55 -56 -56 -56 -57 -59 -60 -62 -63 -65 -64 -66 -67 -69 -69 -71 -72 -72 -73 -72 -72 -72 -70 -69 -68 -66 -65 
13 55 28 1 111 -50 -55 -54 -53 -100 -53 -52 -49 -50 -49 -49 -49 -48 -50 -50 -48 -50 -50 -50 -50 -49 -49 -49 -49 -50 -50 -49 -49 -49 -49 -49 -50 -49 -50 -49 -50 -49 -50 -50 -50 -56 -55 -54 -54 100 -54 -54 -54 -54 -54 -54 -54 -54 -55 -55 -56 -56 -57 -59 -60 -62 -62 -64 -62 -64 -64 -67 -65 -68 -69 -70 -71 -72 -71 -71 -70 -69 -67 -65 -63 
13 55 33 1 111 -50 -55 -54 -54 -53 -53 -53 -51 -50 -50 -49 -49 -48 -49 -100 -48 -50 -50 -49 -49 -49 -49 -49 -49 -49 -50 -100 -49 -49 -49 -49 -49 -49 -49 -49 -49 -50 -49 -49 -50 -55 -54 -55 -55 -54 -54 -55 -54 -55 -54 -54 -54 -55 -55 100 -56 -56 -57 -58 -60 -61 -63 -64 -68 -67 -64 100 -67 -67 -68 -70 -70 -71 -72 -72 -72 -70 -67 -66 -64 
13 55 38 1 111 -50 -55 -54 -54 -54 -53 -52 -52 -49 -49 -49 -49 -48 -48 -50 -50 -49 -50 -49 -49 -49 -49 -49 -49 -50 -49 -49 -49 -49 -50 -50 -49 -49 -50 -49 -100 -50 -50 -50 -49 -55 -54 -53 -54 -54 -54 -54 -54 -54 -54 -54 -54 -54 -54 -55 -54 -55 -57 -58 -59 -60 -62 -62 -65 -63 -64 -65 -67 -68 -68 -69 -70 -72 -72 -71 100 -70 -68 -67 -66 
13 55 42 1 111 -49 -54 -54 -53 -53 -53 -53 -50 -49 -49 -49 -48 -48 -48 -50 -50 -50 -50 -49 -49 -49 -49 -49 -49 -49 -49 -49 -50 -49 -49 -49 -100 -49 -49 -49 -50 -50 -49 -50 -49 -55 -54 -54 -54 -53 -54 -54 -54 -54 -54 -54 -54 -54 -54 -55 -55 -56 -57 -58 -59 -60 -62 -63 -64 -63 -64 -65 -68 -67 -69 -71 100 -72 -74 -73 -71 -70 -68 -67 -66 
13 55 47 1 111 -50 -55 -54 -53 -53 -53 -53 -51 -49 -49 -49 -49 -51 -48 -50 -50 -50 -49 -49 -49 -49 -49 -49 -49 -49 -49 -49 -50 -49 -49 -49 -49 -49 -49 -49 -50 -49 -50 -49 -50 -55 -54 -54 -53 -53 -54 -54 -54 -55 -54 -54 -54 -54 -55 -55 -55 -56 -56 -59 -59 -61 -62 -63 -64 -63 -64 -65 -67 -66 -68 -69 -70 -72 -71 -72 -71 -69 -67 -67 -64 
13 55 52 1 111 -50 -55 -54 -54 -53 -52 -52 -52 -49 -49 -49 -49 -51 -50 -48 -48 -50 -50 -50 -49 -50 -49 -50 -100 -49 -50 -50 -49 -49 -50 -49 -50 -50 -49 -50 -49 -50 -49 -50 -50 -55 -54 -54 -55 -54 -55 -54 -54 -54 -54 -54 -54 -55 -55 -55 -56 -56 -57 -58 -60 -61 -62 -64 100 -64 -64 -67 -67 -68 -68 -70 -71 -71 -70 -72 -71 -69 -67 -67 -65 
13 55 56 1 111 -49 -55 -55 -54 -53 -53 -52 -52 -50 -49 -49 -49 -48 -48 -50 -50 -50 -50 -49 -49 -50 -49 -49 -49 -50 -49 -49 -50 -49 -50 -50 -49 -49 -50 -49 -50 -50 -50 -50 -50 -55 -54 -54 -54 -54 -54 -54 -54 -54 -54 -55 -54 -54 -54 -55 -55 -56 -57 -58 -59 -61 -62 -63 -64 -63 -64 -65 -67 -68 -68 -68 -69 -71 -71 -71 -71 -70 -67 -67 -65 
13 56 1 1 111 -50 -55 -55 -54 -53 -53 -52 -52 -50 -49 -49 -49 -48 -51 -48 -50 -50 -48 -50 -49 -50 -50 -49 -49 -49 -49 -50 -50 -49 -49 -49 -49 -50 -49 -49 -50 -50 -49 -50 -48 -55 -55 -55 -55 -54 -54 -54 -54 -55 -54 -55 -54 -55 -55 -55 -56 -56 -57 -59 -60 -61 -62 -63 -63 -64 -64 -67 -68 -67 -69 -69 -71 -70 -70 -71 -69 -68 -67 -66 -64 
13 56 6 1 111 -50 -55 -54 -54 -53 -53 -52 -52 -49 -49 -49 -49 -49 -50 -50 -48 -50 -50 -49 -49 -49 -50 -49 -49 -49 -49 -49 -50 -50 -49 -49 -49 -49 -49 -49 -49 -50 -50 -50 -50 -55 -54 -55 -54 -54 -54 -54 -54 -54 -54 -54 -54 -53 -55 -55 -55 -56 -58 -58 -59 -61 -62 -63 -64 -63 -64 -66 -67 -67 -68 -68 -70 -71 -72 -72 -70 -69 -67 -67 -65 
13 56 10 1 111 -50 -55 -55 -54 -53 -52 -52 -52 -50 -49 -49 -49 -48 -48 -50 -50 -50 -50 -50 -49 -49 -49 -49 -49 -49 -49 -50 -49 -48 -49 -49 -100 -49 -49 -49 -100 -50 -50 -50 -50 -55 -54 -54 -54 -54 -54 -53 -54 -54 -54 -53 -54 -54 -55 -54 -56 -56 -57 -58 -60 -61 -62 -63 -68 -63 -64 -66 -67 -70 -69 -70 100 -71 -70 -71 100 -69 -67 -66 -65 
13 56 15 1 111 -49 -54 -54 -53 -53 -53 -50 -52 -49 -49 -48 -49 -51 -50 -50 -50 -50 -50 -49 -49 -50 -49 -49 -50 -49 -49 -50 -49 -49 -49 -49 -50 -50 -50 -50 -49 -50 -50 -50 -50 -56 -55 -55 -55 -55 -54 -54 -54 -55 -56 -55 -55 -55 -56 -56 -56 -57 -58 -59 -60 -63 -64 -63 -64 -65 -67 -66 -68 -68 -69 -70 -70 -71 -70 -69 -68 -67 -66 -65 -63 
13 56 20 1 111 -49 -55 -55 -54 -53 -53 -52 -50 -49 -49 -49 -51 -49 -51 -50 -50 -50 -49 -50 -49 -50 -50 -49 -50 -49 -50 -49 -100 -49 -50 -49 -50 -49 -49 -50 -50 -50 -50 -50 -50 -56 -55 -55 -54 -54 -54 -55 -54 -55 -54 -54 -55 -54 -55 -55 -56 -56 -58 -59 -60 -62 -63 -63 -63 -64 -65 -67 100 -68 -69 -69 -71 -72 -71 -70 -70 -69 -68 -67 -65 
13 56 26 1 111 -49 -55 -54 -54 -53 -52 -100 -49 -49 -49 -48 -49 -48 -48 -51 -50 -50 -50 -50 -49 -49 -50 -50 -49 -50 -50 -50 -49 -49 -50 -50 -50 -50 -50 -50 -50 -50 -50 -47 -50 -54 -55 -54 -54 -55 -55 100 -55 -55 -55 -54 -55 -54 -56 -55 -56 -56 -57 -59 -60 -61 -63 -63 -63 -64 -65 -67 -67 -68 -69 -71 -71 -72 -71 -70 -70 -68 -67 -66 -64 
13 56 31 1 111 -49 -54 -54 -54 -53 -53 -52 -52 -49 -49 -49 -49 -49 -48 -50 -50 -50 -50 -49 -49 -50 -49 -49 -49 -49 -50 -49 -49 -100 -50 -49 -49 -49 -49 -50 -50 -50 -49 -50 -50 -55 -54 -54 -54 -55 -54 -54 -55 -54 -54 -54 -54 -55 -55 -55 -55 -56 -58 -58 -60 -62 -62 -63 -62 -63 -65 -67 -67 100 -68 -69 -69 -70 -70 -69 -68 -68 -68 -65 -64 
13 56 36 1 111 -49 -54 -54 -53 -53 -53 -51 -50 -50 -49 -49 -48 -48 -50 -50 -50 -50 -49 -49 -49 -49 -49 -49 -49 -49 -49 -50 -49 -49 -49 -49 -49 -49 -49 -49 -49 -49 -100 -50 -50 -54 -54 -54 -54 -54 -53 -53 -54 -54 -54 -54 -54 -54 -55 -55 -56 -56 -57 -59 -61 -62 -64 -61 -64 -66 -67 -68 -69 -70 -72 -72 -72 -72 -71 -70 -70 -69 100 -66 -66 
13 56 40 1 111 -50 -55 -54 -54 -54 -53 -53 -53 -51 -52 -50 -49 -49 -48 -48 -48 -50 -50 -50 -50 -50 -50 -50 -50 -50 -49 -50 -50 -50 -50 -50 -50 -50 -50 -50 -50 -50 -50 -50 -50 -54 -54 -54 -53 -53 -53 -53 -53 -53 -54 -54 -53 -54 -54 -54 -55 -56 -56 -58 -60 -61 -62 -63 -64 -62 -64 -64 -64 -65 -66 -66 -67 -65 -66 -66 -65 -65 -63 -62 -65 
13 56 45 1 111 -50 -54 -54 -54 -54 -53 -51 -51 -49 -49 -49 -48 -48 -48 -48 -50 -50 -50 -50 -49 -49 -49 -100 -49 -49 -49 -49 -49 -50 -49 -49 -50 -49 -49 -50 -49 -47 -50 -50 -50 -56 -55 -55 -54 -55 -55 -55 -55 -55 -55 -55 -56 -55 -55 -56 -56 -57 -57 -59 -61 -62 -64 100 -64 -66 -67 -68 -69 -70 -71 -72 -72 -72 -72 -70 -69 -68 -67 -65 -63 
13 56 50 1 111 -49 -55 -55 -53 -53 -53 -53 -51 -50 -52 -49 -49 -49 -51 -49 -50 -50 -50 -48 -50 -50 -50 -50 -50 -50 -50 -50 -50 -50 -50 -50 -50 -47 -49 -50 -50 -50 -50 -50 -50 -57 -55 -55 -55 -55 -55 -55 -55 -55 -55 -55 -56 -56 -56 -56 -56 -58 -58 -59 -61 -62 -63 -63 -64 -66 -68 -68 -68 -70 -70 -71 -71 -70 -70 -69 -68 -67 -67 -65 -63 
13 56 54 1 111 -49 -54 -54 -53 -53 -51 -52 -50 -49 -49 -49 -48 -50 -50 -50 -50 -50 -50 -49 -50 -49 -49 -100 -49 -49 -49 -49 -49 -49 -49 -49 -49 -49 -50 -49 -50 -50 -50 -50 -50 -55 -54 -55 -55 -55 -55 -54 -55 -55 -54 -55 -55 -55 -56 -56 -56 -55 -58 -59 -60 -62 -64 100 -64 -66 -67 -67 -68 -69 -71 -71 -72 -71 -70 -70 -69 -69 -68 -66 -64 
13 56 59 1 111 -49 -54 -54 -54 -53 -52 -49 -52 -49 -48 -49 -48 -48 -50 -50 -50 -50 -49 -49 -49 -49 -49 -49 -100 -49 -49 -49 -49 -49 -49 -49 -49 -49 -48 -49 -49 -49 -49 -49 -50 -55 -54 -54 -54 -54 -54 -54 -54 -54 -54 -54 -54 -54 -55 -55 -55 -56 -57 -58 -60 -61 -63 -63 100 -64 -65 -67 -65 -67 -68 -69 -70 -72 -71 -71 -71 -70 -67 -67 -64 
13 57 4 1 111 -49 -54 -54 -53 -53 -52 -51 -50 -49 -49 -48 -50 -48 -50 -50 -50 -50 -50 -49 -49 -49 -49 -49 -50 -49 -49 -49 -49 -49 -49 -50 -50 -50 -50 -49 -49 -49 -50 -50 -50 -55 -54 -55 -54 -54 -54 -54 -55 -54 -54 -54 -55 -54 -54 -56 -56 -57 -58 -59 -60 -62 -63 -64 -63 -64 -65 -67 -67 -67 -68 -68 -68 -68 -68 -67 -68 -65 -66 -65 -63 
13 57 8 1 111 -49 -54 -53 -53 -53 -51 -51 -49 -49 -49 -49 -48 -49 -48 -50 -50 -50 -49 -49 -49 -50 -49 -49 -49 -49 -49 -49 -49 -49 -49 -49 -48 -49 -49 -49 -49 -50 -49 -50 -50 -56 -54 -54 -54 -54 -54 -54 -54 -54 -54 -54 -54 -54 -54 -55 -54 -55 -56 -57 -59 -60 -60 -62 -63 -64 -63 -64 -64 -66 -67 -68 -67 -68 -68 -69 -68 -68 -68 -66 -65 
13 57 13 1 111 -49 -54 -54 -53 -53 -52 -52 -49 -49 -49 -50 -51 -50 -50 -50 -49 -50 -50 -49 -49 -48 -47 -49 -49 -49 -49 -48 -49 -48 -49 -47 -49 -49 -49 -49 -49 -49 -50 -49 -50 -55 -54 -54 -54 -54 -54 -54 -54 -55 -54 -54 -54 -53 -55 -55 -56 -56 -57 -58 -60 -61 -63 -63 -65 -62 -64 -64 -67 -67 -67 -68 -69 -69 -68 -67 -68 -67 -67 -66 -64 
13 57 18 1 111 -49 -55 -53 -53 -53 -52 -50 -49 -49 -51 -48 -51 -50 -50 -50 -50 -50 -49 -49 -49 -49 -49 -49 -48 -50 -49 -49 -49 -49 -50 -49 -49 -49 -49 -49 -49 -49 -50 -50 -50 -55 -54 -54 -54 -54 -54 -54 -55 -54 -54 -54 -54 -54 -54 -55 -56 -56 -57 -58 -60 -61 -62 -63 -63 -63 -64 -67 -67 -67 -68 -69 -69 -70 -69 -69 -68 -68 -67 -65 -64 
13 57 22 1 111 -49 -55 -54 -54 -53 -52 -49 -49 -49 -49 -50 -49 -48 -50 -50 -50 -50 -49 -49 -49 -49 -49 -49 -50 -49 -49 -49 -47 -48 -49 -49 -49 -50 -48 -49 -49 -49 -49 -50 -49 -55 -54 -54 -55 -55 -54 -53 -54 -54 -55 -55 -54 -55 -55 -55 -56 -56 -57 -58 -59 -61 -62 -63 -65 -63 -64 -64 -67 -67 -67 -67 -68 -68 -68 -68 -68 -68 -67 -64 -63 
13 57 27 1 111 -49 -55 -55 -54 -53 -53 -53 -52 -49 -50 -49 -49 -50 -50 -50 -50 -49 -49 -49 -49 -49 -49 -49 -49 -49 -49 -49 -48 -49 -49 -49 -49 -49 -50 -50 -49 -49 -49 -50 -48 -55 -54 -54 -54 -54 -54 -54 -54 -54 -54 -55 -55 -55 -55 -55 -56 -56 -57 -59 -59 -61 -63 -63 -65 -64 -64 -65 -67 -65 -67 -68 -69 -69 -70 -70 -70 -69 -67 -67 -65 
13 57 32 1 111 -49 -55 -54 -54 -53 -52 -52 -53 -50 -49 -49 -49 -49 -48 -48 -50 -50 -50 -49 -49 -49 -50 -49 -49 -49 -49 -49 -50 -50 -49 -50 -49 -49 -50 -50 -50 -50 -100 -50 -50 -55 -54 -54 -54 -54 -54 -54 -55 -54 -54 -54 -55 -55 -56 -55 -56 -57 -58 -59 -60 -62 -63 -64 -64 -65 -66 -67 -68 -69 -70 -72 -72 -73 -73 -72 -71 -69 100 -67 -65 
13 57 36 1 111 -49 -55 -54 -53 -53 -52 -52 -49 -49 -49 -49 -49 -48 -50 -50 -50 -50 -49 -49 -49 -49 -49 -49 -50 -49 -49 -49 -50 -49 -50 -50 -49 -50 -50 -49 -49 -49 -50 -50 -50 -56 -54 -53 -55 -54 -54 -54 -54 -54 -55 -55 -55 -55 -56 -56 -55 -56 -57 -59 -60 -62 -63 -64 -62 -64 -66 -66 -67 -67 -68 -69 -69 -70 -70 -70 -70 -68 -66 -67 -64 
13 57 41 1 111 -49 -55 -54 -54 -53 -52 -52 -52 -49 -49 -49 -48 -48 -50 -50 -50 -50 -49 -50 -50 -49 -49 -49 -49 -49 -49 -50 -50 -49 -50 -49 -49 -49 -50 -50 -50 -50 -50 -50 -50 -55 -55 -55 -53 -55 -55 -55 -54 -54 -54 -55 -54 -55 -55 -56 -56 -57 -57 -59 -60 -62 -63 -64 -63 -64 -66 -67 -68 -69 -70 -71 -71 -72 -72 -72 -70 -70 -69 -67 -65 
13 57 46 1 111 -49 -54 -54 -53 -53 -52 -52 -50 -49 -49 -49 -49 -51 -50 -50 -50 -50 -47 -49 -49 -49 -49 -49 -49 -49 -49 -49 -49 -50 -49 -49 -49 -49 -50 -50 -49 -50 -50 -50 -50 -54 -55 -54 -54 -55 -54 -54 -54 -54 -55 -55 -55 -55 -55 -55 -57 -58 -58 -59 -60 -62 -64 -66 -64 -65 -66 -68 -68 -68 -69 -70 -71 -71 -71 -71 -69 -69 -66 -67 -64 
13 57 50 1 111 -50 -55 -55 -54 -53 -53 -53 -52 -50 -50 -49 -49 -49 -50 -50 -50 -50 -50 -50 -50 -50 -49 -50 -49 -50 -49 -49 -49 -50 -49 -50 -50 -50 -50 -50 -50 -50 -48 -50 -50 -56 -55 -55 -54 -54 -54 -53 -55 -55 -53 -54 -55 -56 -55 -56 -56 -57 -57 -59 -60 -62 -63 -64 -63 -65 -66 -68 -67 -69 -70 -71 -72 -72 -72 -72 -71 -71 -68 -67 -65 
13 57 55 1 111 -50 -55 -54 -54 -53 -53 -53 -52 -50 -49 -48 -49 -48 -50 -48 -48 -48 -50 -49 -49 -49 -49 -49 -49 -50 -49 -49 -49 -49 -50 -49 -49 -50 -50 -49 -50 -50 -50 -50 -50 -55 -54 -54 -54 -54 -54 -54 -54 -55 -55 -55 -55 -55 -54 -55 -56 -57 -57 -59 -60 -62 -63 -64 -63 -64 -66 -67 -68 -68 -70 -70 -71 -72 -72 -71 -71 -69 -67 -66 -65 
13 58 2 1 111 -50 -55 -54 -54 -53 -53 -52 -51 -49 -49 -49 -48 -50 -50 -47 -50 -50 -50 -49 -49 -50 -50 -49 -49 -49 -50 -50 -50 -50 -50 -49 -50 -50 -50 -49 -50 -100 -50 -50 -50 -55 -54 -54 -54 -54 -54 -54 -54 -54 -54 -55 -55 -54 -55 -55 -56 -56 -57 -58 -60 -62 -63 -64 -63 -64 -67 -67 -68 -68 -69 -69 -70 -70 -70 -69 -68 100 -65 -67 -64 
13 58 6 1 111 -49 -54 -54 -53 -52 -52 -51 -49 -49 -49 -49 -48 -50 -50 -50 -50 -49 -49 -49 -49 -49 -49 -49 -49 -49 -49 -49 -49 -49 -50 -49 -50 -49 -49 -49 -50 -49 -49 -49 -49 -55 -54 -54 -54 -54 -55 -55 -55 -55 -55 -54 -54 -55 -55 -56 -56 -57 -58 -59 -61 -62 -63 -64 -63 -65 -67 -68 -67 -69 -70 -71 -70 -70 -68 -68 -66 -67 -67 -65 -64 
13 58 11 1 111 -49 -55 -55 -54 -53 -53 -53 -52 -50 -49 -49 -48 -49 -51 -48 -51 -50 -50 -49 -50 -50 -50 -50 -49 -50 -49 -49 -50 -50 -50 -49 -50 -49 -50 -50 -50 -50 -50 -50 -50 -55 -53 -54 -54 -54 -53 -53 -54 -54 -54 -52 -54 -55 -55 -55 -56 -56 -57 -59 -59 -62 -62 -63 -63 -65 -65 -67 -68 -67 -68 -70 -70 -70 -71 -69 -68 -69 -67 -67 -65 
13 58 16 1 111 -50 -55 -54 -54 -53 -53 -53 -52 -50 -49 -49 -49 -49 -48 -48 -48 -48 -50 -50 -50 -51 -50 -50 -50 -50 -50 -49 -50 -49 -50 -50 -49 -50 -50 -50 -50 -50 -50 -50 -50 -56 -54 -54 -56 -54 -55 -54 -55 -55 -55 -55 -55 -56 -55 -56 -56 -57 -57 -59 -60 -62 -63 -64 -64 -64 -66 -65 -67 -68 -69 -71 -71 -72 -72 -72 -72 -69 -68 -68 -65 
13 58 20 1 111 -49 -54 -54 -54 -53 -52 -52 -51 -49 -49 -49 -48 -48 -48 -50 -47 -49 -50 -49 -49 -49 -49 -49 -49 -49 -49 -49 -49 -49 -49 -49 -49 -50 -49 -49 -50 -49 -50 -50 -50 -54 -54 -55 -54 -54 -55 -54 -54 -54 -54 -54 -55 -54 -55 -55 -56 -56 -57 -58 -60 -61 -63 -64 -62 -64 -64 -67 -67 -69 -71 -71 -74 -75 -75 -73 -72 -70 -67 -67 -64 
13 58 25 1 111 -49 -55 -55 -55 -54 -53 -53 -53 -50 -49 -49 -49 -49 -48 -49 -48 -50 -50 -50 -50 -50 -49 -50 -49 -50 -49 -49 -50 -49 -49 -49 -50 -49 -50 -49 -50 -50 -50 -50 -50 -55 -54 -54 -54 -54 -54 -54 -54 -54 -54 -54 -54 -54 -54 -54 -56 -56 -57 -58 -59 -60 -62 -63 -64 -63 -63 -65 -67 -66 -69 -71 -71 -73 -75 -77 -76 -75 -72 -69 -67 
13 58 30 1 111 -50 -54 -54 -53 -53 -52 -51 -100 -49 -49 -48 -49 -49 -51 -50 -50 -50 -50 -49 -50 -50 -49 -49 -49 -49 -49 -50 -50 -49 -49 -50 -50 -50 -50 -50 -50 -50 -49 -50 -100 -56 -55 -55 -54 -54 -55 -55 100 -55 -55 -55 -55 -55 -57 -56 -56 -57 -58 -59 -62 -62 -64 -63 -64 -67 -67 -69 -71 -73 -77 -77 -79 -76 -72 -71 -70 -67 -66 -65 100 
13 58 34 1 111 -49 -54 -55 -54 -53 -52 -52 -50 -50 -49 -49 -49 -50 -50 -50 -50 -50 -49 -49 -49 -49 -49 -49 -49 -49 -50 -49 -49 -50 -49 -49 -49 -50 -50 -50 -50 -50 -49 -50 -50 -55 -54 -54 -54 -54 -54 -54 -53 -54 -54 -54 -54 -55 -55 -55 -56 -57 -59 -58 -60 -62 -62 -64 -63 -65 -66 -67 -68 -70 -72 -74 -77 -81 -79 -76 -73 -72 -69 -67 -67 
13 58 39 1 111 -49 -55 -54 -54 -53 -53 -52 -49 -49 -49 -48 -49 -48 -50 -50 -50 -50 -50 -50 -49 -50 -50 -49 -49 -50 -50 -49 -49 -50 -50 -50 -49 -50 -49 -50 -50 -50 -50 -50 -50 -54 -54 -54 -54 -54 -54 -54 -55 -55 -55 -55 -55 -55 -56 -56 -57 -57 -58 -59 -60 -62 -63 -64 -63 -64 -66 -67 -67 -68 -69 -71 -72 -71 -70 -70 -69 -69 -67 -67 -66 
13 58 44 1 111 -49 -54 -55 -53 -52 -52 -51 -49 -49 -48 -49 -50 -51 -50 -50 -50 -49 -50 -49 -49 -49 -49 -49 -49 -49 -48 -49 -49 -49 -48 -49 -49 -49 -49 -49 -49 -50 -49 -49 -50 -55 -54 -54 -54 -53 -54 -54 -54 -54 -54 -54 -54 -54 -55 -55 -56 -57 -57 -58 -60 -62 -63 -64 -63 -64 -66 -67 -67 -68 -72 -73 -74 -76 -73 -71 -70 -68 -67 -66 -64 
13 58 48 1 111 -49 -54 -55 -53 -52 -52 -52 -50 -49 -49 -49 -48 -50 -48 -50 -50 -50 -50 -49 -49 -50 -50 -49 -49 -49 -49 -49 -49 -49 -50 -49 -50 -50 -49 -50 -50 -49 -50 -50 -50 -55 -55 -54 -54 -54 -54 -54 -54 -54 -54 -54 -54 -55 -55 -54 -54 -56 -57 -59 -59 -62 -62 -63 -63 -64 -66 -67 -67 -68 -68 -68 -69 -69 -68 -68 -68 -66 -64 -64 -63 
13 58 53 1 111 -49 -54 -54 -53 -53 -52 -52 -50 -49 -49 -48 -48 -50 -50 -50 -50 -50 -49 -50 -49 -49 -50 -50 -49 -49 -49 -49 -50 -50 -50 -50 -50 -50 -50 -50 -50 -50 -48 -50 -50 -57 -55 -55 -55 -55 -55 -55 -54 -54 -55 -55 -56 -56 -56 -55 -56 -57 -58 -60 -60 -63 -65 -63 -66 -68 -68 -69 -70 -71 -72 -72 -72 -71 -70 -68 -68 -67 -64 -63 -64 
