13 46 40 1 111 -49 -54 -54 -54 -53 -52 -52 -51 -49 -49 -51 -49 -48 -50 -49 -50 -50 -50 -49 -49 -50 -49 -49 -49 -49 -49 -49 -49 -50 -49 -49 -49 -50 -49 -49 -50 -50 -50 -49 -50 -55 -55 -54 -54 -54 -54 -54 -54 -54 -54 -55 -54 -54 -55 -55 -56 -56 -57 -58 -60 -61 -63 -64 -63 -64 -65 -67 -68 -67 -68 -70 -70 -71 -72 -71 -71 -70 -68 -67 -65 
13 46 45 1 111 -49 -55 -54 -54 -53 -52 -52 -52 -49 -49 -49 -49 -51 -50 -50 -50 -50 -49 -49 -49 -49 -49 -47 -49 -47 -48 -49 -49 -50 -49 -49 -49 -49 -50 -49 -49 -49 -49 -50 -50 -56 -54 -54 -54 -54 -54 -54 -54 -54 -54 -55 -54 -55 -55 -55 -56 -57 -57 -59 -59 -61 -62 -63 -64 -62 -64 -65 -67 -67 -68 -70 -71 -72 -72 -70 -69 -68 -67 -67 -64 
13 46 49 1 111 -50 -54 -53 -54 -53 -52 -51 -50 -49 -49 -49 -48 -48 -48 -50 -50 -49 -49 -49 -49 -49 -49 -49 -49 -49 -100 -49 -49 -49 -49 -49 -49 -49 -49 -49 -49 -50 -50 -50 -50 -55 -54 -54 -54 -54 -55 -54 -55 -54 -54 -54 -55 -55 -55 -55 -55 -57 -57 -59 -61 -61 -63 -63 -63 -64 100 -67 -67 -69 -70 -71 -71 -72 -71 -71 -70 -68 -68 -67 -64 
13 46 54 1 111 -50 -54 -54 -54 -53 -53 -51 -50 -49 -50 -48 -48 -48 -50 -50 -50 -49 -49 -50 -49 -50 -50 -49 -49 -49 -49 -49 -49 -48 -49 -49 -49 -49 -49 -49 -49 -50 -49 -50 -50 -55 -54 -54 -54 -53 -54 -54 -54 -54 -54 -54 -54 -54 -54 -55 -56 -56 -56 -58 -60 -61 -62 -63 -61 -63 -64 -66 -67 -67 -69 -69 -70 -71 -72 -72 -72 -71 -67 -67 -66 
13 46 59 1 111 -49 -54 -54 -54 -53 -53 -52 -50 -49 -49 -49 -49 -48 -50 -50 -50 -50 -50 -49 -49 -49 -49 -49 -49 -50 -49 -49 -49 -50 -49 -49 -49 -49 -49 -49 -49 -49 -50 -49 -50 -55 -55 -54 -53 -54 -53 -54 -53 -54 -54 -54 -54 -54 -54 -55 -55 -56 -57 -58 -60 -61 -62 -63 -64 -63 -63 -64 -65 -67 -67 -68 -69 -70 -69 -70 -71 -70 -67 -67 -66 
13 47 3 1 111 -49 -55 -54 -54 -53 -52 -52 -49 -49 -49 -48 -48 -50 -48 -50 -50 -49 -49 -49 -49 -49 -49 -49 -49 -49 -49 -49 -49 -50 -49 -49 -49 -49 -49 -49 -49 -50 -50 -50 -50 -55 -55 -55 -54 -53 -54 -54 -54 -54 -55 -54 -54 -54 -54 -55 -56 -56 -57 -59 -60 -61 -62 -64 -62 -63 -64 -66 -67 -67 -67 -68 -69 -69 -69 -69 -69 -68 -67 -67 -64 
13 47 8 1 111 -50 -55 -55 -54 -53 -53 -52 -52 -49 -49 -100 -49 -48 -49 -48 -50 -50 -50 -49 -49 -49 -50 -49 -50 -49 -100 -49 -49 -50 -49 -49 -49 -50 -50 -50 -50 -50 -50 -50 -50 -55 -55 -54 -54 -54 -54 -54 -54 -54 -54 100 -54 -55 -55 -55 -56 -56 -57 -58 -59 -61 -61 -63 -64 -63 100 -65 -67 -68 -69 -69 -71 -72 -73 -72 -72 -72 -69 -67 -67 
13 47 13 1 111 -50 -55 -54 -54 -53 -53 -53 -52 -51 -49 -49 -49 -48 -51 -50 -50 -50 -50 -50 -49 -49 -49 -50 -49 -49 -49 -49 -49 -50 -49 -50 -50 -49 -49 -49 -100 -49 -50 -100 -50 -54 -54 -54 -54 -53 -54 -54 -54 -53 -54 -54 -54 -54 -54 -55 -55 -56 -56 -57 -58 -60 -61 -63 -63 -64 -63 -64 -65 -66 -68 -67 -69 -70 -71 -72 100 -72 -71 100 -67 
13 47 17 1 111 -50 -55 -55 -54 -54 -52 -53 -51 -50 -49 -49 -49 -49 -51 -50 -50 -50 -50 -50 -49 -49 -49 -49 -49 -50 -49 -49 -50 -49 -49 -49 -50 -49 -49 -49 -50 -50 -50 -50 -50 -55 -55 -54 -54 -54 -54 -53 -54 -54 -54 -54 -54 -54 -54 -56 -56 -56 -56 -57 -60 -60 -62 -62 -64 -62 -63 -64 -67 -67 -68 -68 -70 -71 -72 -73 -72 -72 -69 -68 -67 
13 47 22 1 111 -50 -54 -54 -53 -53 -52 -52 -49 -49 -50 -49 -49 -48 -48 -50 -50 -50 -50 -49 -49 -49 -49 -49 -49 -49 -49 -48 -49 -49 -49 -49 -49 -49 -49 -49 -50 -50 -50 -50 -50 -55 -54 -54 -54 -54 -54 -54 -53 -54 -54 -54 -54 -54 -54 -54 -55 -56 -57 -57 -60 -60 -62 -63 -64 -63 -64 -65 -67 -67 -69 -70 -70 -72 -72 -72 -72 -72 -69 -67 -66 
13 47 27 1 111 -49 -54 -53 -53 -54 -52 -50 -50 -50 -49 -49 -49 -51 -50 -48 -50 -50 -49 -49 -50 -49 -50 -49 -49 -49 -49 -49 -48 -49 -48 -49 -48 -48 -49 -49 -49 -49 -49 -49 -50 -54 -53 -53 -54 -54 -53 -53 -54 -54 -54 -54 -54 -54 -55 -55 -55 -57 -57 -58 -60 -61 -63 -63 -63 -64 -62 -64 -64 -65 -67 -67 -69 -71 -72 -72 -72 -71 -68 -67 -67 
13 47 31 1 111 -49 -55 -54 -53 -53 -53 -50 -52 -50 -49 -51 -48 -50 -50 -50 -50 -50 -49 -49 -49 -49 -48 -49 -48 -49 -49 -49 -49 -49 -48 -47 -49 -48 -49 -49 -49 -100 -49 -50 -50 -55 -54 -54 -53 -55 -53 -54 -54 -54 -53 -54 -54 -54 -54 -54 -55 -55 -56 -58 -59 -61 -62 -62 -64 -63 -64 -65 -67 -67 -69 -70 -71 -72 -72 -73 -72 100 -69 -67 -67 
13 47 36 1 111 -49 -54 -54 -53 -53 -52 -52 -49 -49 -49 -49 -48 -51 -50 -50 -50 -49 -49 -49 -49 -49 -49 -49 -50 -49 -48 -49 -49 -49 -49 -49 -49 -49 -49 -100 -49 -49 -50 -50 -49 -55 -54 -54 -54 -54 -54 -54 -53 -54 -53 -54 -54 -55 -54 -55 -55 -56 -57 -58 -59 -61 -62 -63 -64 -63 -64 -65 -66 -67 -68 -69 -69 -71 -72 100 -71 -71 -68 -69 -66 
13 47 41 1 111 -50 -55 -54 -53 -53 -52 -52 -50 -49 -49 -49 -51 -50 -50 -50 -50 -49 -49 -49 -49 -50 -49 -49 -49 -49 -49 -50 -49 -49 -49 -49 -49 -49 -50 -49 -50 -49 -50 -50 -50 -55 -54 -54 -54 -55 -54 -54 -53 -54 -54 -54 -54 -54 -54 -55 -55 -56 -57 -58 -60 -61 -62 -63 -65 -62 -64 -65 -66 -67 -68 -69 -70 -71 -70 -70 -70 -69 -67 -67 -64 
13 47 45 1 111 -49 -54 -54 -53 -52 -51 -52 -49 -49 -49 -48 -48 -48 -50 -50 -50 -50 -49 -49 -49 -49 -49 -49 -49 -50 -49 -49 -49 -49 -49 -49 -49 -49 -49 -49 -50 -49 -49 -49 -49 -55 -54 -54 -54 -53 -54 -53 -54 -54 -54 -54 -54 -54 -55 -55 -55 -55 -56 -58 -60 -61 -62 -63 -64 -62 -63 -63 -65 -65 -67 -67 -67 -68 -69 -69 -69 -68 -67 -67 -64 
13 47 50 1 111 -49 -54 -54 -53 -53 -52 -52 -53 -49 -49 -51 -49 -48 -48 -50 -50 -50 -50 -49 -49 -50 -49 -49 -49 -50 -50 -49 -49 -50 -49 -49 -49 -49 -49 -50 -100 -50 -50 -50 -50 -55 -55 -54 -54 -54 -54 -54 -54 -54 -53 -54 -54 -54 -55 -55 -56 -56 -57 -58 -60 -61 -62 -63 -63 -64 -64 -66 -67 -68 -68 -68 -70 -70 -71 -71 100 -70 -67 -67 -66 
13 47 55 1 111 -49 -55 -54 -53 -53 -53 -52 -50 -49 -49 -48 -49 -50 -50 -50 -47 -49 -50 -49 -50 -49 -49 -48 -49 -49 -49 -48 -49 -49 -49 -49 -49 -49 -50 -49 -50 -50 -49 -50 -50 -54 -55 -54 -54 -54 -54 -53 -55 -54 -54 -54 -54 -54 -55 -55 -55 -57 -58 -59 -60 -62 -62 -64 -63 -64 -65 -67 -67 -68 -69 -70 -71 -72 -71 -72 -72 -70 -68 -68 -65 
13 47 59 1 111 -49 -54 -54 -54 -53 -52 -52 -49 -50 -49 -48 -51 -51 -50 -50 -50 -49 -49 -49 -49 -49 -49 -49 -49 -47 -49 -49 -49 -49 -49 -49 -49 -49 -49 -49 -49 -49 -50 -50 -50 -53 -54 -53 -54 -54 -54 -54 -54 -54 -54 -54 -54 -55 -55 -54 -55 -57 -57 -58 -60 -62 -63 -65 -62 -64 -67 -67 -67 -69 -71 -72 -73 -74 -73 -74 -72 -68 -68 -68 -65 
