13 13 53 1 162 -84 100 100 100 -85 -85 100 100 100 100 -81 -81 -79 -80 -78 100 -78 -77 100 -77 -75 -76 -75 -75 -74 -74 -74 -73 -74 -74 -73 100 -74 100 100 100 100 100 100 100 -75 -75 -74 -75 -75 -74 -100 -77 -100 -100 -75 -75 -75 -74 -75 -100 -74 -76 -100 -77 -78 -77 -77 -78 -78 -79 -80 -80 -83 -83 -83 -100 -84 -100 -100 -100 -100 -100 -100 -100 
13 13 55 1 162 -73 -73 -73 -73 100 100 -72 -72 -72 100 100 -72 -74 -73 -73 -75 100 -76 -77 100 100 100 -83 -83 -83 -81 -78 100 -74 -74 100 -72 100 -71 -72 -71 100 -72 -72 100 -75 -74 -74 -74 -100 -100 -73 -74 -73 -100 -100 -74 -74 -74 -76 -77 -100 -78 -78 -81 -80 -100 -82 -82 -83 -83 -81 -100 -81 -82 -100 -79 -100 -78 -78 -80 -100 -84 -83 -100 
13 13 58 1 162 -42 -42 -44 -44 -44 -45 -45 -45 -46 -46 -48 -45 -46 -48 -45 -48 100 -46 100 -51 -52 -52 -52 -54 -56 -57 -59 -58 -58 -58 100 -58 -56 -54 -53 -52 -49 -50 -46 -45 -47 -44 -44 -44 -43 -44 -44 -44 -44 -45 -46 -46 -45 -45 -45 -46 -46 -46 -100 -46 -45 -45 -45 -44 -44 -44 -43 -42 -42 -43 -100 -42 -43 -43 -44 -43 -44 -43 -44 -44 
13 14 1 1 162 -42 -42 -42 -42 -42 -43 -43 -43 -43 -44 -44 -43 -43 100 -46 -45 -48 -46 -51 -52 -53 -53 -54 100 -58 -58 -58 -57 -56 -55 -54 -54 -53 -52 100 -50 -51 -46 -46 -45 -54 -53 -52 -52 -50 -50 -47 -49 -46 -49 -48 -45 -44 -45 -46 -45 -46 -46 -45 -45 -45 -45 -45 -100 -44 -44 -42 -44 -43 -43 -43 -43 -43 -43 -43 -44 -43 -43 -44 -44 
13 14 4 1 162 -52 -51 -54 -53 -55 -55 -53 -53 -53 -53 -53 -53 100 -53 -52 -49 -52 100 -48 -51 -50 -47 -46 -45 -46 -45 -45 -43 -44 -44 -43 -45 -43 -43 -44 -43 -43 -43 -43 -43 -46 -45 -45 -45 -45 -45 -45 -44 -45 -45 -46 -45 -100 -45 -46 -45 -46 -100 -48 -46 -47 -48 -47 -47 -49 -49 -50 -47 -48 -50 -51 -51 -52 -53 -53 -54 -55 -57 -58 -60 
13 14 7 1 162 -61 -53 -53 -52 -49 -51 -51 -52 -52 -53 -51 -55 100 100 -57 -58 -58 -62 -65 -65 -65 -64 -63 -62 -61 -60 -60 -60 -59 -60 -58 -60 -58 -57 -53 -47 -49 100 -45 -46 -61 -53 -52 -51 -47 -46 -46 -46 -46 -45 -46 -46 -47 -100 -48 -48 -49 -50 -53 -54 -54 -54 -53 -53 -53 -53 -53 -55 -55 -55 -55 -55 -55 -54 -52 -47 -47 -100 -48 -50 
13 14 9 1 162 -33 -34 -34 -35 100 -36 -36 -36 -36 -37 -39 -38 -38 -38 -39 -40 -41 -42 -44 -49 100 -54 -61 -65 -58 100 -51 -49 -44 -42 -42 -42 -40 -39 -39 -38 -37 -36 -36 -36 -42 -40 -40 -39 -38 -38 -37 -37 -37 -37 -37 -37 -36 -37 -37 -36 -36 -36 -37 -37 -100 -36 -36 -36 -36 -100 -36 -35 -35 -35 -35 -35 -35 -36 -34 -34 -36 -37 -36 -36 
13 14 12 1 162 -33 -34 -34 -35 -35 100 -35 100 -36 -37 -37 100 -38 -38 -38 -39 -40 -41 100 -45 -50 -52 -57 -67 100 -56 -49 -46 -46 -44 -42 -42 -41 -39 -39 -38 -37 -36 -36 -36 -42 -40 -40 -39 -38 -100 -38 -38 -37 -37 -37 -100 -36 -36 -36 -37 -36 -35 -100 -36 -37 -36 -36 -35 -100 -36 -36 -36 -35 -36 -35 -36 -35 -35 -35 -34 -36 -35 -36 -37 
13 14 15 1 162 -32 -32 -31 -31 -31 -30 100 -31 -31 -31 -31 -31 -31 -31 -31 100 -33 -33 -33 -33 -34 -35 -35 -36 -37 -38 -39 -40 -41 -42 -42 -42 -43 -44 -44 -43 -43 100 -41 -40 -54 -58 -56 -54 -47 -47 -100 -43 -42 -41 -41 -41 -41 -39 -39 -38 -36 -37 -36 -36 -35 -35 -35 -34 -34 -33 -33 -33 -33 -33 -33 -33 -33 -34 -33 -32 -33 -34 -33 -33 
13 14 18 1 162 -50 -48 -48 -51 -49 -53 -55 -62 -63 -62 -61 -60 -63 -61 -61 -60 -62 -65 -66 100 -58 100 -55 -54 -54 -54 -53 100 -53 -53 -52 -52 100 -52 -48 -50 -46 -46 -45 -44 -59 -60 -60 -59 -56 -54 -53 -57 -57 -57 -55 -54 -53 -56 -56 -56 -51 -52 -52 -49 -51 -53 -54 -57 -59 -59 -59 -100 -58 -57 -55 -54 -100 -53 -53 -49 -52 -51 -51 -51 
13 14 21 1 162 -40 -39 -40 -40 -40 -41 -41 -42 100 -44 -43 -43 -47 -45 -46 -49 -50 -52 -54 -58 -60 -61 -60 -57 -54 -53 -52 -51 -46 -45 -45 -45 -44 -43 -43 -42 -43 -41 -41 -41 -50 -44 -44 -44 -43 -43 -43 -43 -42 -43 -41 -43 -43 -43 -42 -43 -42 -42 -41 -41 -42 -40 -42 -42 -42 -41 -41 -41 -42 -41 -41 -40 -41 -41 -42 -43 -42 -42 -43 -43 
13 14 24 1 162 -42 -42 -41 -41 100 -43 -42 -42 -43 100 -43 -43 -44 -44 -45 -45 -46 -46 -50 -51 -51 -49 -52 -53 -54 -53 -53 100 -52 -52 100 -51 -51 -47 -49 100 -45 -43 -43 -43 -52 -48 -47 -49 -100 -48 -47 -45 -45 -100 -44 -44 -44 -44 -45 -44 -44 -44 -44 -44 -44 -43 -44 -43 -43 -44 -43 -100 -43 -44 -100 -43 -43 -43 -44 -100 -43 -44 -44 -45 
13 14 26 1 162 -39 -39 -39 -39 -40 -41 -41 -42 -43 -43 -44 -45 -45 -49 -48 -50 -51 -48 -54 -57 -58 100 -63 -60 -56 -53 -51 -46 -44 -44 -42 -42 100 -40 100 -39 -39 -38 -37 -37 -49 -46 -44 -44 -43 -42 -42 -42 -42 -41 -42 -41 -41 -42 -42 -42 -41 -41 -42 -41 -42 -100 -41 -41 -40 -41 -41 -41 -40 -41 -41 -41 -40 -42 -41 -42 -42 -42 -43 -44 
13 14 29 1 162 -43 -44 -45 -46 100 -51 -52 -50 -55 -56 -57 -59 -61 -62 -65 -68 -64 -59 -58 -54 -49 -52 -46 -46 -45 -43 100 -42 -42 -42 -41 -41 -41 -41 -40 -40 -40 -40 100 -40 -44 -43 -43 -42 -43 -42 -43 -43 -43 -43 -42 -42 -42 -41 -42 -42 -42 -42 -42 -42 -41 -42 -42 -42 -42 -43 -41 -42 -43 -44 -43 -43 -43 -44 -45 -45 -45 -49 -100 -48 
13 14 32 1 162 -47 -69 -70 -71 100 -74 -76 -78 -84 -84 -86 100 100 100 100 -82 -79 -76 -74 100 -73 -72 -72 -71 -70 -68 -67 -66 -66 -66 -65 -64 -63 -63 -63 -62 -64 -64 -64 -64 -47 -66 -65 -63 -100 -65 -63 -64 -64 -66 -68 -68 -67 -67 -100 -68 -67 -67 -67 -100 -67 -68 -68 -69 -67 -67 -67 -67 -66 -66 -68 -67 -67 -67 -67 -67 -67 -69 -71 -71 
