13 21 4 1 162 -64 -64 -65 100 -66 -68 -66 -66 -67 100 100 -69 -71 -71 -72 -72 100 100 100 -75 -72 -71 -70 -68 -67 -66 100 -64 100 -64 -64 100 -65 -63 -66 100 100 -69 -68 -67 -67 -66 -67 -66 -66 -67 -64 -64 -64 -100 -63 -63 -62 -63 -62 -63 -100 -63 -100 -62 -65 -62 -62 -64 -61 -63 -100 -61 -62 -63 -63 -100 -62 -62 -63 -64 -100 -67 -67 -67 
13 21 7 1 162 -67 -68 -68 -69 100 -70 -70 -70 100 100 100 -72 -72 -73 -74 -75 -75 -79 -81 -83 -85 -84 -83 -78 100 -74 100 -73 -72 -72 -71 -70 100 100 100 -68 100 -68 100 -67 -72 -71 -70 -69 -100 -68 -68 -68 -68 -67 -67 -70 -66 -67 -67 -67 -67 -67 -67 -67 -67 -66 -67 -68 -67 -67 -67 -66 -67 -68 -67 -68 -100 -100 -100 -68 -100 -69 -70 -70 
13 21 10 1 162 -67 -67 -67 100 -68 100 -69 -70 -70 -70 100 -73 -71 -71 -71 -72 -73 -76 -75 100 -73 -72 -72 100 -69 -68 100 -69 -68 -68 -68 -68 100 -68 -69 -68 -67 100 -69 -66 -71 -70 -69 -68 -68 -67 -67 -68 -68 -67 -100 -68 -66 -67 -66 -66 -66 -66 -66 -100 -67 -67 -66 -100 -67 -68 -100 -69 -68 -68 -69 -69 -100 -69 -71 -68 -68 -100 -69 -70 
13 21 17 1 162 -58 -59 -61 -61 -66 -67 100 -70 -71 -71 -70 -68 -65 -65 -62 -62 -61 -61 -58 -58 -58 -56 -54 -53 -53 -53 -52 -52 -51 -51 -51 100 -50 -47 -50 -48 -47 -47 100 -47 -54 -53 -53 -53 -53 -53 -52 -53 -52 -53 -52 -53 -52 -52 -53 -52 -52 -53 -52 -53 -53 -53 -53 -53 -54 -53 -54 -53 -54 -55 -55 -100 -56 -57 -57 -58 -58 -59 -100 -62 
13 21 19 1 162 -57 -61 -61 -61 100 100 100 -70 -70 -69 -69 -67 -65 -64 -61 -61 -59 -58 -58 -57 -57 -57 100 -55 100 -56 -57 -58 -58 -59 -61 -61 -62 -62 100 -62 -60 100 -59 -59 -53 -53 -53 -53 -52 -52 -100 -53 -53 -53 -52 -53 -53 -51 -54 -53 -54 -55 -56 -57 -57 -58 -59 -60 -100 -63 -62 -62 -64 -62 -62 -61 -60 -60 -60 -58 -59 -100 -60 -62 
13 21 22 1 162 -79 100 100 100 100 100 -82 -82 -82 100 -83 -81 -81 100 -80 -81 100 -80 -79 -80 100 -79 100 -77 -77 -79 -76 -77 -77 100 -77 -76 100 -75 -75 100 -75 -76 100 100 -79 -100 -100 -100 -100 -100 -80 -78 -77 -100 -77 -77 -76 -100 -76 -75 -76 -75 -76 -76 -100 -76 -100 -77 -76 -76 -77 -77 -76 -100 -76 -78 -100 -77 -76 -100 -77 -80 -100 -100 
13 21 25 1 162 -75 -78 -82 -74 -70 -69 -72 -70 -65 -65 -66 -70 -80 -82 -75 -71 100 -67 -67 -67 -66 -66 100 -65 -64 -62 -62 100 100 -60 -60 -60 -59 -60 -62 -68 -67 100 100 -63 -71 -68 -68 -66 -64 -64 -68 -71 -71 -70 -71 -70 -67 -66 -68 -69 -100 -66 -67 -65 -67 -67 -100 -67 -67 -67 -67 -100 -100 -67 -65 -66 -66 -68 -72 -72 -71 -100 -100 -77 
13 21 28 1 162 -70 100 -72 100 100 -75 -76 -77 -78 -79 -80 -79 -78 100 100 -80 -81 -82 -81 -80 -77 -77 -76 -73 100 -67 100 -63 100 -60 -60 -61 -60 -62 -61 -62 -63 -63 -64 -64 -71 -100 -69 -100 -100 -68 -68 -68 -68 -68 -69 -70 -69 -100 -100 -68 -69 -70 -70 -70 -71 -69 -69 -68 -100 -63 -100 -58 -100 -59 -60 -59 -60 -60 -62 -65 -66 -68 -70 -71 
13 21 31 1 162 -72 -73 -74 -75 -74 -77 100 -79 -80 -80 100 -82 -84 -87 100 100 100 -87 -86 -81 100 -78 -77 -76 100 -73 -73 -72 -73 100 -72 -72 -72 -71 100 -70 -70 -70 -69 -69 -72 -72 -71 -71 -72 -71 -100 -71 -71 -71 -100 -70 -72 -70 -71 -71 -100 -71 -71 -70 -70 -70 -71 -71 -100 -71 -71 -70 -72 -100 -71 -71 -72 -72 -100 -72 -73 -73 -73 -74 
13 21 34 1 162 -73 -74 -75 -75 -78 -78 100 -79 -80 -80 -82 -83 -86 -86 100 100 100 100 100 100 -83 -81 100 100 -77 -77 100 -75 -74 -74 -74 -74 -72 -72 -72 -72 -72 100 100 -72 -75 -74 -73 -73 -72 -73 -100 -72 -72 -73 -72 -72 -72 -72 -72 -72 -73 -72 -72 -72 -73 -72 -100 -100 -73 -72 -100 -72 -72 -72 -73 -73 -73 -73 -74 -75 -74 -100 -100 -75 
13 21 36 1 162 -74 -75 -76 100 -78 -78 -79 -80 -83 100 100 100 100 100 100 100 100 100 -87 -85 -83 -79 100 -76 -75 -73 -72 -71 -69 -66 -66 -62 -61 -60 -61 100 -60 -60 -60 -59 -75 -74 -73 -100 -73 -72 -73 -72 -72 -100 -100 -100 -100 -100 -72 -72 -72 -100 -71 -72 -72 -72 -100 -70 -70 -71 -70 -69 -67 -67 -66 -64 -62 -64 -64 -100 -63 -65 -67 -67 
