Debug: sum vector:
-69
-68
-100
-68
-100
-67
-68
-68
-69
-100
-69
-69
-69
-69
-69
-69
-69
-69
-69
-69
-69
-69
-69
-71
-70
-70
-70
-70
-69
-100
-70
-68
-69
-70
-69
-69
-70
-69
-70
-70
Debug: diff vector:
-71
-70
100
-70
100
-71
-70
-72
-70
100
-70
-70
-69
-69
-70
-70
-70
-69
-69
-68
-70
-69
-69
-69
-69
-69
-68
-68
-70
100
-70
-70
-70
-70
-69
-70
-69
-70
-69
-71
Debug: mpr vector:
2
2
-200
2
-200
4
2
4
1
-200
1
1
0
0
1
1
1
0
0
-1
1
0
0
-2
-1
-1
-2
-2
1
-200
0
2
1
0
0
1
-1
1
-1
1
Debug: sum vector:
-68
-68
-68
-68
-68
-68
-68
-68
-68
-68
-68
-69
-69
-68
-69
-69
-68
-69
-69
-70
-68
-68
-68
-69
-69
-68
-69
-68
-68
-69
-69
-69
-68
-69
-68
-246
-255
-196
-69
-68
Debug: diff vector:
-69
-69
100
-68
-68
-68
-68
-68
-67
100
-69
-68
-67
-68
-68
100
-67
-68
-68
-67
-67
-68
-68
-68
-68
-69
-68
-69
-68
-68
-69
-68
-68
-68
-69
-154
-154
-246
-71
-72
Debug: mpr vector:
1
1
-168
0
0
0
0
0
-1
-168
1
-1
-2
0
-1
-169
-1
-1
-1
-3
-1
0
0
-1
-1
1
-1
1
0
-1
0
-1
0
-1
1
-92
-101
50
2
4
Debug: sum vector:
-68
-68
-69
-69
-68
-68
-69
-68
-68
-68
-69
-68
-69
-68
-68
-68
-68
-68
-70
-68
-69
-68
-68
-69
-69
-69
-69
-68
-69
-68
-68
-68
-67
-68
-68
-68
-67
-246
-255
-196
Debug: diff vector:
-68
-68
-68
-69
100
-68
-68
-68
-68
-67
-68
-67
-67
-67
-68
-68
-68
-69
-68
-68
-67
-67
-67
-68
-68
-68
100
-68
-68
-69
-68
-68
-69
-68
-67
-68
-69
-154
-154
-246
Debug: mpr vector:
0
0
-1
0
-168
0
-1
0
0
-1
-1
-1
-2
-1
0
0
0
1
-2
0
-2
-1
-1
-1
-1
-1
-169
0
-1
1
0
0
2
0
-1
0
2
-92
-101
50
Debug: sum vector:
-68
-68
-69
-68
-68
-69
-68
-68
-68
-68
-68
-68
-68
-68
-100
-69
-69
-69
-68
-68
-69
-69
-68
-68
-68
-68
-69
-69
-69
-68
-69
-68
-68
-68
-68
-68
-246
-255
-196
-69
Debug: diff vector:
-69
-70
-69
-70
-69
-69
-69
-68
-68
-69
-68
-70
-68
-68
100
-68
-67
-68
-68
-67
-69
-67
-69
-68
-69
-70
-68
-69
-69
-69
100
-69
-69
-69
-69
-69
-154
-154
-246
-67
Debug: mpr vector:
1
2
0
2
1
0
1
0
0
1
0
2
0
0
-200
-1
-2
-1
0
-1
0
-2
1
0
1
2
-1
0
0
1
-169
1
1
1
1
1
-92
-101
50
-2
Debug: sum vector:
-68
-68
-67
-69
-68
-68
-68
-69
-68
-67
-68
-68
-68
-68
-68
-100
-68
-68
-69
-68
-68
-68
-69
-69
-69
-68
-68
-68
-68
-67
-68
-67
-69
-67
-68
-68
-246
-255
-196
-68
Debug: diff vector:
-69
-70
-70
-71
-69
-69
-69
-69
-69
-70
-69
-69
-69
-68
-69
100
-67
-67
-69
-69
-67
-67
-67
-68
100
-67
-68
-69
-68
-68
-69
-69
-69
-69
-69
-69
-154
-154
-246
-69
Debug: mpr vector:
1
2
3
2
1
1
1
0
1
3
1
1
1
0
1
-200
-1
-1
0
1
-1
-1
-2
-1
-169
-1
0
1
0
1
1
2
0
2
1
1
-92
-101
50
1
Debug: sum vector:
-68
-68
-68
-69
-68
-69
-67
-69
-68
-68
-68
-69
-68
-68
-69
-68
-69
-68
-68
-68
-69
-67
-68
-68
-68
-70
-69
-69
-69
-69
-69
-68
-69
-68
-100
-68
-68
-246
-255
-196
Debug: diff vector:
-69
-68
-69
-68
-68
-69
-69
-69
-69
-68
-68
-69
-68
-68
-69
-68
-69
-67
-68
-68
-67
-68
-68
-68
-68
-69
-68
-68
-69
-68
-68
-68
-68
-70
100
-69
-68
-154
-154
-246
Debug: mpr vector:
1
0
1
-1
0
0
2
0
1
0
0
0
0
0
0
0
0
-1
0
0
-2
1
0
0
0
-1
-1
-1
0
-1
-1
0
-1
2
-200
1
0
-92
-101
50
Debug: sum vector:
-70
-70
-71
-70
-70
-70
-70
-70
-70
-71
-100
-70
-70
-70
-70
-70
-69
-70
-70
-70
-70
-71
-70
-70
-69
-70
-69
-69
-70
-69
-69
-70
-69
-69
-69
-69
-246
-255
-196
-68
Debug: diff vector:
-69
-70
-69
-70
-71
100
-70
-70
-70
-70
100
-69
-69
-70
-69
-69
-69
-69
-69
-69
-69
-70
-69
-69
-69
-69
-69
-70
-70
-70
-70
-70
-71
-70
-70
-70
-154
-154
-246
-68
Debug: mpr vector:
-1
0
-2
0
1
-170
0
0
0
-1
-200
-1
-1
0
-1
-1
0
-1
-1
-1
-1
-1
-1
-1
0
-1
0
1
0
1
1
0
2
1
1
1
-92
-101
50
0
Debug: sum vector:
-69
-70
-70
-69
-70
-70
-70
-69
-69
-69
-70
-70
-69
-69
-70
-69
-69
-69
-71
-70
-70
-69
-70
-69
-70
-70
-69
-69
-70
-70
-70
-70
-70
-69
-71
-70
-246
-255
-196
-72
Debug: diff vector:
-71
-70
-71
-70
-69
-70
-71
-69
-70
-69
-70
-70
-71
-70
-70
-70
-70
-70
-69
-70
-70
-70
-70
-70
-70
-70
-70
-71
-71
-71
-71
-71
-70
-71
-72
-71
-154
-154
-246
-70
Debug: mpr vector:
2
0
1
1
-1
0
1
0
1
0
0
0
2
1
0
1
1
1
-2
0
0
1
0
1
0
0
1
2
1
1
1
1
0
2
1
1
-92
-101
50
-2
Debug: sum vector:
-71
-71
-71
-71
-71
-71
-71
-71
-71
-71
-70
-71
-70
-71
-70
-71
-71
-71
-72
-71
-71
-71
-70
-71
-69
-71
-70
-70
-70
-71
-70
-71
-70
-70
-69
-70
-246
-255
-196
-70
Debug: diff vector:
-71
-70
-70
-70
-70
-72
-71
-70
-71
-70
-71
-72
-71
-70
-71
-71
-70
-70
-70
-71
-71
-70
100
-70
-70
-71
-70
-71
-71
-71
-72
-71
-71
-70
-72
-72
-154
-154
-246
-70
Debug: mpr vector:
0
-1
-1
-1
-1
1
0
-1
0
-1
1
1
1
-1
1
0
-1
-1
-2
0
0
-1
-170
-1
1
0
0
1
1
0
2
0
1
0
3
2
-92
-101
50
0
